Time,Lateral,Vertical,Longitudinal
0,0.00783,0.99116,-0.05287
0.02,0.00711,0.99104,-0.05335
0.04,0.00562,0.99191,-0.05377
0.06,0.00505,0.99256,-0.05362
0.08,0.00433,0.99289,-0.05416
0.1,0.00412,0.99299,-0.05459
0.12,0.0038,0.99415,-0.05479
0.14,0.00359,0.9945,-0.05478
0.16,0.00299,0.99427,-0.05497
0.18,0.00256,0.99366,-0.05677
0.2,0.00159,0.99391,-0.05663
0.22,0.00217,0.99505,-0.05579
0.24,0.00278,0.99529,-0.05476
0.26,0.00326,0.9948,-0.05376
0.28,0.0043,0.99405,-0.05355
0.3,0.00447,0.99377,-0.05292
0.32,0.00458,0.9944,-0.05231
0.34,0.00487,0.99387,-0.05219
0.36,0.0048,0.99389,-0.05277
0.38,0.00409,0.99416,-0.05257
0.4,0.00352,0.99582,-0.05083
0.42,0.00342,0.99561,-0.05026
0.44,0.0031,0.99414,-0.05091
0.46,0.00263,0.99398,-0.05127
0.48,0.00308,0.9943,-0.05178
0.5,0.00244,0.99471,-0.05196
0.52,0.00312,0.99467,-0.05256
0.54,0.0027,0.99441,-0.05224
0.56,0.00261,0.99513,-0.0516
0.58,0.00255,0.99455,-0.05108
0.6,0.00298,0.99418,-0.05122
0.62,0.00343,0.99372,-0.05145
0.64,0.00356,0.99396,-0.05173
0.66,0.00325,0.99446,-0.05129
0.68,0.00323,0.99482,-0.05134
0.7,0.00333,0.99456,-0.05128
0.72,0.00316,0.99455,-0.05132
0.74,0.00273,0.99479,-0.05069
0.76,0.00306,0.9946,-0.05088
0.78,0.00304,0.99406,-0.05148
0.8,0.00298,0.99444,-0.05135
0.82,0.00327,0.99477,-0.05104
0.84,0.00326,0.9946,-0.05093
0.86,0.00347,0.99459,-0.05107
0.88,0.0034,0.99435,-0.05153
0.9,0.00344,0.99433,-0.0517
0.92,0.00304,0.99441,-0.05161
0.94,0.00326,0.99454,-0.05139
0.96,0.00342,0.99474,-0.05129
0.98,0.00346,0.99454,-0.05144
1,0.00376,0.99451,-0.05109
1.02,0.00338,0.99503,-0.05123
1.04,0.00352,0.99506,-0.05102
1.06,0.00322,0.99487,-0.05172
1.08,0.00363,0.99477,-0.0519
1.1,0.00335,0.99467,-0.05186
1.12,0.00344,0.99459,-0.05183
1.14,0.00352,0.99442,-0.0517
1.16,0.00354,0.99432,-0.05177
1.18,0.00357,0.99401,-0.05136
1.2,0.00345,0.99428,-0.05132
1.22,0.00315,0.99441,-0.05168
1.24,0.00363,0.99389,-0.05161
1.26,0.0035,0.99368,-0.0518
1.28,0.00371,0.99413,-0.05116
1.3,0.0035,0.99414,-0.05102
1.32,0.00394,0.99408,-0.05091
1.34,0.00365,0.99425,-0.0509
1.36,0.00352,0.99471,-0.05089
1.38,0.00325,0.99478,-0.05095
1.4,0.00316,0.99481,-0.05144
1.42,0.00338,0.99445,-0.05145
1.44,0.00377,0.99433,-0.05107
1.46,0.0039,0.99454,-0.05088
1.48,0.00399,0.99455,-0.05086
1.5,0.00395,0.99443,-0.05105
1.52,0.0036,0.99449,-0.05122
1.54,0.00356,0.99478,-0.05108
1.56,0.00367,0.99468,-0.05114
1.58,0.00363,0.9943,-0.05129
1.6,0.0034,0.99466,-0.05119
1.62,0.00345,0.99478,-0.05101
1.64,0.0038,0.9949,-0.05094
1.66,0.0038,0.99458,-0.05128
1.68,0.00376,0.99428,-0.05144
1.7,0.00366,0.99451,-0.05102
1.72,0.0038,0.99455,-0.05081
1.74,0.00323,0.99447,-0.0512
1.76,0.00319,0.99462,-0.05151
1.78,0.00308,0.9943,-0.05178
1.8,0.0033,0.99433,-0.05239
1.82,0.0035,0.99371,-0.05227
1.84,0.00359,0.99381,-0.05227
1.86,0.00311,0.99362,-0.05216
1.88,0.00302,0.99376,-0.05173
1.9,0.00295,0.99406,-0.0515
1.92,0.00279,0.99403,-0.05162
1.94,0.00257,0.99416,-0.05196
1.96,0.00303,0.99415,-0.05149
1.98,0.00289,0.99412,-0.0517
2,0.00292,0.99425,-0.05143
2.02,0.00287,0.99428,-0.05116
2.04,0.00325,0.99455,-0.0513
2.06,0.0033,0.99426,-0.05145
2.08,0.00348,0.99444,-0.05152
2.1,0.00342,0.9946,-0.05174
2.12,0.00323,0.9946,-0.05169
2.14,0.00319,0.99465,-0.05198
2.16,0.00326,0.99467,-0.05187
2.18,0.00318,0.99483,-0.052
2.2,0.00322,0.99469,-0.0517
2.22,0.00356,0.99472,-0.05154
2.24,0.00379,0.99476,-0.0513
2.26,0.00362,0.99466,-0.05133
2.28,0.00334,0.99482,-0.05141
2.3,0.00292,0.99478,-0.05159
2.32,0.00274,0.99476,-0.05162
2.34,0.00279,0.99447,-0.05176
2.36,0.00297,0.99431,-0.05171
2.38,0.00303,0.99415,-0.05149
2.4,0.00345,0.99402,-0.0512
2.42,0.00375,0.99402,-0.05132
2.44,0.00343,0.99407,-0.05158
2.46,0.00314,0.99415,-0.05156
2.48,0.00301,0.99425,-0.05141
2.5,0.003,0.99417,-0.05131
2.52,0.00329,0.99423,-0.05097
2.54,0.00352,0.99436,-0.05075
2.56,0.00369,0.99455,-0.05074
2.58,0.0036,0.99463,-0.05077
2.6,0.00355,0.99452,-0.05095
2.62,0.00328,0.9945,-0.05101
2.64,0.00304,0.99461,-0.05079
2.66,0.00319,0.99446,-0.05056
2.68,0.0032,0.99437,-0.05054
2.7,0.00304,0.99435,-0.05067
2.72,0.00307,0.99451,-0.05087
2.74,0.00324,0.99461,-0.05084
2.76,0.00305,0.99455,-0.05125
2.78,0.00295,0.99428,-0.05115
2.8,0.00305,0.9942,-0.05112
2.82,0.00318,0.99441,-0.05093
2.84,0.00326,0.99451,-0.05092
2.86,0.00329,0.99441,-0.051
2.88,0.00325,0.99455,-0.0513
2.9,0.00333,0.99465,-0.0513
2.92,0.00363,0.99439,-0.0513
2.94,0.00365,0.99438,-0.05138
2.96,0.00349,0.99426,-0.0515
2.98,0.00363,0.99439,-0.0513
3,0.00379,0.99476,-0.0513
3.02,0.00372,0.99474,-0.05141
3.04,0.00375,0.99446,-0.05147
3.06,0.00371,0.99426,-0.05164
3.08,0.00376,0.99419,-0.05143
3.1,0.00372,0.9943,-0.05127
3.12,0.00363,0.9943,-0.05129
3.14,0.00336,0.99437,-0.05135
3.16,0.00362,0.99422,-0.05119
3.18,0.00368,0.99432,-0.05109
3.2,0.00384,0.99435,-0.05097
3.22,0.00381,0.99422,-0.05124
3.24,0.00366,0.99411,-0.05135
3.26,0.0034,0.99435,-0.05153
3.28,0.00328,0.99462,-0.05149
3.3,0.00333,0.99477,-0.05178
3.32,0.00324,0.99468,-0.05178
3.34,0.00325,0.99459,-0.05177
3.36,0.00343,0.99477,-0.05185
3.38,0.00318,0.99483,-0.052
3.4,0.003,0.99468,-0.0524
3.42,0.00279,0.99454,-0.05271
3.44,0.00267,0.99437,-0.05253
3.46,0.00297,0.99443,-0.05219
3.48,0.00322,0.99411,-0.05191
3.5,0.0033,0.99385,-0.05177
3.52,0.00339,0.99386,-0.05175
3.54,0.00336,0.99396,-0.05168
3.56,0.00338,0.99404,-0.05178
3.58,0.00318,0.99404,-0.05172
3.6,0.00304,0.99406,-0.05148
3.62,0.00313,0.99407,-0.05146
3.64,0.00336,0.99393,-0.05121
3.66,0.00351,0.99413,-0.0511
3.68,0.00344,0.99411,-0.05121
3.7,0.00317,0.99428,-0.05129
3.72,0.00327,0.99445,-0.05138
3.74,0.00288,0.99445,-0.05128
3.76,0.00297,0.99427,-0.05123
3.78,0.00314,0.99421,-0.0511
3.8,0.00335,0.99429,-0.05125
3.82,0.00344,0.99411,-0.05121
3.84,0.00353,0.99412,-0.05119
3.86,0.0031,0.99417,-0.05138
3.88,0.00321,0.99417,-0.05145
3.9,0.00309,0.99435,-0.0514
3.92,0.0034,0.99435,-0.05153
3.94,0.0032,0.99435,-0.05148
3.96,0.00345,0.99437,-0.05133
3.98,0.00345,0.99446,-0.05134
4,0.0033,0.99426,-0.05145
4.02,0.00338,0.99401,-0.05131
4.04,0.00356,0.99402,-0.05127
4.06,0.00368,0.99406,-0.05097
4.08,0.00389,0.99402,-0.05064
4.1,0.00375,0.99399,-0.05085
4.12,0.00377,0.99389,-0.05093
4.14,0.00355,0.99399,-0.0508
4.16,0.00372,0.99392,-0.05066
4.18,0.00367,0.9938,-0.05085
4.2,0.00368,0.99388,-0.05095
4.22,0.00366,0.99407,-0.05088
4.24,0.00354,0.99426,-0.05083
4.26,0.00347,0.99424,-0.05094
4.28,0.00331,0.99431,-0.05107
4.3,0.00343,0.99447,-0.05126
4.32,0.00352,0.99448,-0.05124
4.34,0.00366,0.99451,-0.05102
4.36,0.00378,0.99421,-0.05059
4.38,0.0038,0.99402,-0.05066
4.4,0.00382,0.99403,-0.04981
4.42,0.00382,0.99428,-0.04853
4.44,0.00377,0.99436,-0.0479
4.46,0.00373,0.99379,-0.04429
4.48,0.00294,0.99368,-0.03902
4.5,0.00326,0.99501,-0.03284
4.52,0.00339,0.99447,-0.02462
4.54,0.00302,0.99492,-0.01793
4.56,0.00287,0.99546,-0.01054
4.58,0.00223,0.99614,-0.00402
4.6,0.00185,0.99722,0.0011
4.62,0.00118,0.99749,0.0043
4.64,0.00072,0.99695,0.00678
4.66,0.00074,0.9972,0.01022
4.68,0.00084,0.99768,0.01411
4.7,0.00184,0.99799,0.0155
4.72,0.00236,0.997,0.01694
4.74,0.00215,0.99673,0.01852
4.76,0.00183,0.99734,0.01987
4.78,0.00111,0.99725,0.0216
4.8,0.00092,0.998,0.02185
4.82,0.00091,0.9974,0.02435
4.84,0.00095,0.99721,0.02877
4.86,0.00119,0.99804,0.03462
4.88,0.00116,0.99837,0.04102
4.9,0.00149,0.99915,0.04418
4.92,0.00144,0.99934,0.04798
4.94,0.00066,0.99911,0.05009
4.96,0.00056,1.00044,0.05057
4.98,0.00049,1.00005,0.05331
5,0.00065,1.0002,0.0552
5.02,0.00099,0.99943,0.05928
5.04,0.00104,1.00008,0.06155
5.06,0.00153,0.99991,0.06514
5.08,0.00155,1.00043,0.06714
5.1,0.00164,1.00136,0.06864
5.12,0.00081,1.00072,0.06975
5.14,0.00091,1.00074,0.07061
5.16,0.00031,1.00094,0.07168
5.18,-0.0006,1.00223,0.07433
5.2,0.00229,1.00245,0.07875
5.22,0.00123,1.00128,0.07707
5.24,0.00182,1.00091,0.07612
5.26,0.00136,1.00124,0.07598
5.28,-0.00026,1.00332,0.07409
5.3,0.00111,1.00245,0.07177
5.32,0.00176,0.99966,0.06821
5.34,0.00176,1.00065,0.0651
5.36,0.00179,1.0022,0.06353
5.38,0.00179,1.00012,0.06377
5.4,0.00234,0.99974,0.05757
5.42,-0.00091,0.9983,0.05303
5.44,0.00007,0.99893,0.0526
5.46,-0.00003,1.00038,0.05026
5.48,-0.00035,0.99811,0.05354
5.5,0.00059,0.99853,0.05061
5.52,-0.00034,0.99886,0.0514
5.54,-0.00115,0.99982,0.0528
5.56,-0.00084,0.99983,0.05352
5.58,-0.0018,0.99892,0.05538
5.6,-0.00045,1.00147,0.05332
5.62,-0.00075,1.00005,0.05529
5.64,0.00071,1.00134,0.05405
5.66,0.00052,1.00236,0.05417
5.68,0.00155,1.00194,0.05565
5.7,0.00195,1.00234,0.0513
5.72,0.0031,1.00033,0.05318
5.74,0.00243,1.00051,0.05413
5.76,0.0014,1.00212,0.0527
5.78,0.00264,1.00174,0.05357
5.8,0.00248,1.00133,0.05405
5.82,0.00261,1.00248,0.05441
5.84,0.00376,1.00369,0.05564
5.86,0.00405,1.00387,0.0555
5.88,0.00471,1.00364,0.05417
5.9,0.00445,1.00341,0.05236
5.92,0.00556,1.00329,0.05467
5.94,0.00339,1.00871,0.05115
5.96,0.00576,1.00242,0.05126
5.98,0.00426,1.00214,0.04368
6,0.00406,1.00163,0.04257
6.02,0.00354,1.00243,0.04256
6.04,0.00384,1.00023,0.03727
6.06,0.00405,0.99807,0.03382
6.08,0.00421,0.9976,0.03363
6.1,0.00361,0.99599,0.03349
6.12,0.00194,0.99754,0.0325
6.14,-0.0014,0.9986,0.0312
6.16,0.00121,0.99389,0.03369
6.18,-0.00267,0.99962,0.02885
6.2,0.00175,0.99975,0.03267
6.22,0.00147,0.99864,0.03489
6.24,0.00268,0.99642,0.03287
6.26,0.00104,1.00134,0.03467
6.28,0.00082,1.00247,0.03721
6.3,-0.00259,0.99809,0.03718
6.32,-0.00159,1.00165,0.03745
6.34,-0.00108,0.9998,0.03786
6.36,0.00272,1.00012,0.03461
6.38,0.00257,0.99817,0.03144
6.4,0.00306,0.99993,0.02844
6.42,0.00431,0.99815,0.03433
6.44,0.0018,0.99705,0.0242
6.46,0.00247,1.00115,0.01266
6.48,0.00062,0.99217,0.02077
6.5,-0.00141,0.99628,0.00286
6.52,0.00249,0.9993,0.00137
6.54,-0.00072,0.99625,-0.00279
6.56,-0.00306,0.99373,-0.00823
6.58,-0.00325,0.99593,-0.01264
6.6,-0.00504,0.99421,-0.01553
6.62,-0.00433,0.9924,-0.01704
6.64,-0.00948,0.99452,-0.02763
6.66,-0.00678,0.99357,-0.02228
6.68,-0.00646,0.98948,-0.02062
6.7,-0.00828,0.99716,-0.03488
6.72,-0.00899,0.99192,-0.02368
6.74,-0.00828,0.9902,-0.02744
6.76,-0.00748,0.98824,-0.03023
6.78,-0.0038,0.99424,-0.0335
6.8,-0.00777,0.98998,-0.03535
6.82,-0.00881,0.98973,-0.03105
6.84,-0.01199,0.99178,-0.03851
6.86,-0.00659,0.98858,-0.03746
6.88,-0.00954,0.99167,-0.03956
6.9,-0.00967,0.99335,-0.03997
6.92,-0.00852,0.9842,-0.03877
6.94,-0.0084,0.98633,-0.04011
6.96,-0.01506,0.98706,-0.03553
6.98,-0.01577,0.99336,-0.04061
7,-0.01698,0.98673,-0.03375
7.02,-0.01592,0.98661,-0.0366
7.04,-0.01155,0.99239,-0.04409
7.06,-0.00765,0.98796,-0.03248
7.08,-0.01138,0.99248,-0.03902
7.1,-0.01053,0.98475,-0.03365
7.12,-0.01391,0.9921,-0.04334
7.14,-0.00935,0.98837,-0.03662
7.16,-0.01115,0.9925,-0.04336
7.18,-0.00589,0.99141,-0.04596
7.2,-0.00814,0.99106,-0.0435
7.22,-0.00931,0.99369,-0.05143
7.24,-0.01264,0.99344,-0.05005
7.26,-0.01705,0.99066,-0.0516
7.28,-0.02065,0.99458,-0.06085
7.3,-0.01966,0.99048,-0.05653
7.32,-0.02088,0.99562,-0.06785
7.34,-0.01629,0.9894,-0.0613
7.36,-0.01939,0.99748,-0.06896
7.38,-0.01631,0.99137,-0.06462
7.4,-0.02167,0.99575,-0.07177
7.42,-0.01923,0.99043,-0.07046
7.44,-0.02104,0.99409,-0.072
7.46,-0.01796,0.99263,-0.07016
7.48,-0.01459,0.99303,-0.07183
7.5,-0.01422,0.99072,-0.06915
7.52,-0.01454,0.99037,-0.06749
7.54,-0.01625,0.99609,-0.07019
7.56,-0.02288,0.99401,-0.06612
7.58,-0.02508,0.9972,-0.07284
7.6,-0.02148,0.99574,-0.07042
7.62,-0.01755,0.99214,-0.07796
7.64,-0.01661,0.99514,-0.08222
7.66,-0.02151,0.99577,-0.07529
7.68,-0.02657,0.99439,-0.08237
7.7,-0.03243,0.99114,-0.08576
7.72,-0.02563,0.99257,-0.08636
7.74,-0.02989,0.99587,-0.08848
7.76,-0.02423,0.98592,-0.09315
7.78,-0.02381,0.98976,-0.0993
7.8,-0.02529,0.98911,-0.09365
7.82,-0.03356,0.98955,-0.1034
7.84,-0.03394,0.98692,-0.1015
7.86,-0.03545,0.98406,-0.09812
7.88,-0.02565,0.98268,-0.10103
7.9,-0.02765,0.98639,-0.1044
7.92,-0.029,0.9854,-0.09784
7.94,-0.04183,0.98522,-0.10643
7.96,-0.03927,0.97715,-0.10665
7.98,-0.04916,0.98556,-0.10026
8,-0.04075,0.97394,-0.09874
8.02,-0.04109,0.97126,-0.10841
8.04,-0.03461,0.97304,-0.10163
8.06,-0.04313,0.97376,-0.10156
8.08,-0.04531,0.97473,-0.10625
8.1,-0.05533,0.96778,-0.10757
8.12,-0.04583,0.96445,-0.10471
8.14,-0.0395,0.96096,-0.11222
8.16,-0.04042,0.95935,-0.1012
8.18,-0.04692,0.96991,-0.10902
8.2,-0.05097,0.96245,-0.10707
8.22,-0.07465,0.97231,-0.11059
8.24,-0.0787,0.9729,-0.10507
8.26,-0.08443,0.9678,-0.10345
8.28,-0.07402,0.97331,-0.10721
8.3,-0.06228,0.96758,-0.10079
8.32,-0.05744,0.97003,-0.10715
8.34,-0.05861,0.97564,-0.10515
8.36,-0.06822,0.97852,-0.1005
8.38,-0.06422,0.97788,-0.10715
8.4,-0.06197,0.97541,-0.0991
8.42,-0.05645,0.97582,-0.10443
8.44,-0.04888,0.97664,-0.10582
8.46,-0.05139,0.97652,-0.10213
8.48,-0.06342,0.98423,-0.11098
8.5,-0.07308,0.98029,-0.0978
8.52,-0.0874,0.99272,-0.10759
8.54,-0.08672,0.98709,-0.09708
8.56,-0.08593,0.98766,-0.10389
8.58,-0.07936,0.99062,-0.10387
8.6,-0.07745,0.99187,-0.09819
8.62,-0.07538,0.99448,-0.10151
8.64,-0.08001,0.99517,-0.10088
8.66,-0.07251,0.99736,-0.10151
8.68,-0.06914,0.99456,-0.10019
8.7,-0.0578,0.99269,-0.10094
8.72,-0.05687,0.9912,-0.10815
8.74,-0.05542,0.98863,-0.09979
8.76,-0.05877,0.9933,-0.10458
8.78,-0.06494,0.99114,-0.10275
8.8,-0.06945,0.99105,-0.09883
8.82,-0.07111,0.99537,-0.10996
8.84,-0.07548,0.98711,-0.10844
8.86,-0.07045,0.99322,-0.112
8.88,-0.07105,0.98749,-0.11073
8.9,-0.06696,0.98837,-0.11697
8.92,-0.06904,0.98968,-0.11448
8.94,-0.07153,0.99389,-0.11287
8.96,-0.07437,0.98932,-0.12061
8.98,-0.07401,0.99084,-0.12473
9,-0.07507,0.99004,-0.12197
9.02,-0.07278,0.99149,-0.12735
9.04,-0.07173,0.98734,-0.12422
9.06,-0.07097,0.9902,-0.12663
9.08,-0.07042,0.98839,-0.12369
9.1,-0.0724,0.989,-0.1224
9.12,-0.07499,0.9912,-0.12003
9.14,-0.07366,0.98915,-0.11857
9.16,-0.07215,0.98837,-0.12022
9.18,-0.06971,0.99129,-0.11452
9.2,-0.07124,0.99098,-0.11649
9.22,-0.07175,0.99112,-0.11812
9.24,-0.07368,0.99076,-0.11811
9.26,-0.07522,0.99068,-0.11599
9.28,-0.07377,0.99038,-0.11892
9.3,-0.07362,0.99052,-0.11788
9.32,-0.0735,0.99011,-0.11603
9.34,-0.07421,0.98864,-0.12022
9.36,-0.07314,0.98913,-0.12108
9.38,-0.06965,0.98917,-0.12502
9.4,-0.06807,0.98318,-0.12886
9.42,-0.0685,0.98536,-0.12294
9.44,-0.06754,0.98673,-0.11812
9.46,-0.07038,0.98615,-0.1181
9.48,-0.07215,0.98694,-0.11697
9.5,-0.077,0.98721,-0.11747
9.52,-0.07623,0.9853,-0.1169
9.54,-0.07588,0.9851,-0.11858
9.56,-0.07469,0.98621,-0.11752
9.58,-0.07498,0.98422,-0.11492
9.6,-0.07713,0.98512,-0.11062
9.62,-0.08165,0.98958,-0.11143
9.64,-0.07978,0.98846,-0.11521
9.66,-0.08141,0.98737,-0.11823
9.68,-0.0769,0.98542,-0.11416
9.7,-0.0782,0.98562,-0.11876
9.72,-0.07448,0.98365,-0.11083
9.74,-0.07891,0.98797,-0.11656
9.76,-0.08023,0.98549,-0.11833
9.78,-0.0801,0.98721,-0.11411
9.8,-0.08517,0.98697,-0.11786
9.82,-0.0837,0.98751,-0.1207
9.84,-0.08335,0.98521,-0.11204
9.86,-0.08639,0.98573,-0.11555
9.88,-0.08638,0.98638,-0.11403
9.9,-0.08916,0.98717,-0.1148
9.92,-0.08536,0.98652,-0.11178
9.94,-0.08706,0.98908,-0.1157
9.96,-0.08501,0.98575,-0.11002
9.98,-0.08473,0.98856,-0.10739
10,-0.08825,0.98702,-0.10964
10.02,-0.08195,0.98576,-0.10956
10.04,-0.0837,0.98537,-0.10176
10.06,-0.08763,0.98572,-0.1145
10.08,-0.08473,0.98978,-0.10641
10.1,-0.08918,0.98552,-0.10593
10.12,-0.08632,0.9873,-0.11328
10.14,-0.08676,0.98787,-0.11223
10.16,-0.08718,0.98515,-0.11331
10.18,-0.08686,0.98783,-0.11626
10.2,-0.08623,0.98671,-0.11441
10.22,-0.08592,0.98843,-0.11838
10.24,-0.09019,0.99272,-0.11622
10.26,-0.09161,0.9903,-0.12344
10.28,-0.08803,0.99011,-0.10995
10.3,-0.08666,0.99343,-0.1192
10.32,-0.08317,0.98897,-0.11655
10.34,-0.08601,0.99204,-0.11142
10.36,-0.08667,0.99308,-0.10944
10.38,-0.08797,0.99558,-0.10804
10.4,-0.08943,0.99274,-0.10447
10.42,-0.08958,0.99589,-0.10711
10.44,-0.0894,0.99265,-0.1023
10.46,-0.08948,0.99382,-0.10685
10.48,-0.08836,0.99423,-0.10245
10.5,-0.08377,0.99824,-0.10951
10.52,-0.08656,0.98868,-0.10573
10.54,-0.08368,0.99603,-0.10961
10.56,-0.08304,0.99389,-0.10792
10.58,-0.08936,0.99385,-0.11112
10.6,-0.08673,0.9926,-0.10809
10.62,-0.0842,0.99296,-0.11058
10.64,-0.08639,0.98995,-0.10743
10.66,-0.08379,0.99414,-0.10708
10.68,-0.08299,0.99179,-0.10197
10.7,-0.08567,0.99267,-0.10647
10.72,-0.08449,0.99147,-0.10543
10.74,-0.08764,0.99395,-0.10498
10.76,-0.08688,0.99308,-0.10341
10.78,-0.08673,0.99075,-0.10376
10.8,-0.08407,0.99034,-0.10437
10.82,-0.08286,0.99223,-0.10732
10.84,-0.08649,0.99179,-0.10439
10.86,-0.08473,0.99437,-0.10712
10.88,-0.08572,0.9932,-0.10729
10.9,-0.08491,0.9917,-0.10349
10.92,-0.08249,0.99225,-0.10734
10.94,-0.08539,0.98847,-0.10864
10.96,-0.0819,0.9877,-0.10725
10.98,-0.0846,0.99344,-0.10652
11,-0.08471,0.99101,-0.10467
11.02,-0.07829,0.99231,-0.10243
11.04,-0.08216,0.99122,-0.09948
11.06,-0.07649,0.99783,-0.10222
11.08,-0.08354,0.99378,-0.10044
11.1,-0.08799,0.99595,-0.1035
11.12,-0.08407,0.99842,-0.10352
11.14,-0.08729,0.99289,-0.09814
11.16,-0.08721,0.99566,-0.09947
11.18,-0.08743,0.98939,-0.09899
11.2,-0.08626,0.98447,-0.1021
11.22,-0.08941,0.98721,-0.10402
11.24,-0.09361,0.98255,-0.10456
11.26,-0.08852,0.98494,-0.10712
11.28,-0.09794,0.97777,-0.10904
11.3,-0.09444,0.98197,-0.10897
11.32,-0.08799,0.97552,-0.10051
11.34,-0.09081,0.97758,-0.11022
11.36,-0.08383,0.9808,-0.10453
11.38,-0.08201,0.98183,-0.10651
11.4,-0.08424,0.98661,-0.10407
11.42,-0.08674,0.98705,-0.1011
11.44,-0.08254,0.98845,-0.10168
11.46,-0.08308,0.98934,-0.10021
11.48,-0.08978,0.987,-0.10258
11.5,-0.07768,0.99094,-0.09673
11.52,-0.0802,0.98637,-0.1001
11.54,-0.07514,0.99265,-0.10751
11.56,-0.07637,0.98567,-0.09678
11.58,-0.08087,0.98984,-0.10438
11.6,-0.0852,0.98782,-0.09843
11.62,-0.0839,0.98905,-0.10157
11.64,-0.0816,0.9893,-0.10111
11.66,-0.08346,0.98627,-0.1005
11.68,-0.08156,0.99004,-0.10109
11.7,-0.07448,0.98987,-0.09611
11.72,-0.08484,0.98706,-0.10173
11.74,-0.08125,0.98696,-0.09422
11.76,-0.08831,0.98557,-0.09472
11.78,-0.08922,0.98778,-0.09283
11.8,-0.08899,0.98743,-0.09199
11.82,-0.09178,0.98676,-0.08904
11.84,-0.09464,0.98883,-0.08755
11.86,-0.09269,0.98892,-0.09126
11.88,-0.09098,0.99019,-0.08824
11.9,-0.09244,0.99081,-0.09086
11.92,-0.09753,0.98902,-0.08715
11.94,-0.09598,0.9911,-0.08725
11.96,-0.09259,0.99066,-0.0905
11.98,-0.09293,0.98964,-0.08532
12,-0.09402,0.9902,-0.08926
12.02,-0.0946,0.99023,-0.08508
12.04,-0.09329,0.9927,-0.0864
12.06,-0.09044,0.99345,-0.08878
12.08,-0.09623,0.99475,-0.08501
12.1,-0.09804,0.99452,-0.08472
12.12,-0.09736,0.99084,-0.08359
12.14,-0.09704,0.99455,-0.08189
12.16,-0.09668,0.99378,-0.07789
12.18,-0.09945,0.99618,-0.0738
12.2,-0.10422,0.99815,-0.07391
12.22,-0.1048,0.99964,-0.07795
12.24,-0.10276,0.99861,-0.0744
12.26,-0.10119,0.99898,-0.08084
12.28,-0.10206,0.9918,-0.07637
12.3,-0.09818,0.9925,-0.08105
12.32,-0.09949,0.99411,-0.0875
12.34,-0.10145,0.99313,-0.0821
12.36,-0.10339,0.99642,-0.0956
12.38,-0.10131,0.99167,-0.08957
12.4,-0.10492,0.99529,-0.09822
12.42,-0.10135,0.98977,-0.096
12.44,-0.10075,0.98975,-0.09119
12.46,-0.10234,0.99098,-0.0984
12.48,-0.10117,0.98623,-0.08611
12.5,-0.10209,0.99595,-0.0991
12.52,-0.10437,0.98878,-0.08587
12.54,-0.10706,0.99361,-0.08437
12.56,-0.11192,0.9924,-0.08199
12.58,-0.11165,0.9977,-0.08291
12.6,-0.11398,0.99517,-0.07882
12.62,-0.10715,0.99765,-0.08354
12.64,-0.10468,0.99173,-0.08038
12.66,-0.10569,0.99321,-0.08731
12.68,-0.10331,0.98905,-0.07885
12.7,-0.10628,0.99435,-0.08756
12.72,-0.10636,0.98715,-0.07236
12.74,-0.10895,0.99854,-0.08459
12.76,-0.10935,0.99027,-0.07793
12.78,-0.10667,0.99753,-0.08764
12.8,-0.10536,0.98807,-0.07711
12.82,-0.10035,0.99012,-0.08461
12.84,-0.09702,0.99056,-0.08012
12.86,-0.0981,0.99284,-0.07977
12.88,-0.09847,0.99784,-0.0792
12.9,-0.10306,0.99871,-0.07569
12.92,-0.10007,1.00082,-0.07605
12.94,-0.10063,1.00059,-0.07549
12.96,-0.09874,0.9985,-0.07307
12.98,-0.09576,1.00102,-0.0731
13,-0.09315,0.99596,-0.07047
13.02,-0.09018,0.99824,-0.07534
13.04,-0.0919,1.00041,-0.07128
13.06,-0.10172,0.99789,-0.07102
13.08,-0.09922,1.00661,-0.07401
13.1,-0.10516,0.99736,-0.07178
13.12,-0.09808,0.99994,-0.08095
13.14,-0.0994,0.98892,-0.07838
13.16,-0.09559,0.99779,-0.08737
13.18,-0.09419,0.98474,-0.07334
13.2,-0.0956,0.99373,-0.08682
13.22,-0.09886,0.99375,-0.08181
13.24,-0.10235,0.98857,-0.07793
13.26,-0.10661,0.99142,-0.08814
13.28,-0.10081,0.98455,-0.08135
13.3,-0.10454,0.98372,-0.08373
13.32,-0.10025,0.98486,-0.07828
13.34,-0.10455,0.98332,-0.07808
13.36,-0.10315,0.99107,-0.07671
13.38,-0.10823,0.98241,-0.07296
13.4,-0.1082,0.99289,-0.08677
13.42,-0.10764,0.98458,-0.07934
13.44,-0.10671,0.98105,-0.07856
13.46,-0.10725,0.9859,-0.08213
13.48,-0.10921,0.98234,-0.07905
13.5,-0.11023,0.98736,-0.07442
13.52,-0.11765,0.98835,-0.08077
13.54,-0.11691,0.987,-0.0771
13.56,-0.11692,0.98866,-0.07262
13.58,-0.12249,0.98872,-0.08633
13.6,-0.11817,0.98581,-0.07143
13.62,-0.12184,0.98815,-0.07566
13.64,-0.11973,0.98795,-0.0736
13.66,-0.12383,0.9945,-0.07176
13.68,-0.12351,0.99261,-0.06717
13.7,-0.11913,1.00034,-0.06629
13.72,-0.12928,0.99312,-0.07051
13.74,-0.12361,0.9973,-0.06923
13.76,-0.12355,1.00181,-0.06833
13.78,-0.12705,0.99103,-0.07709
13.8,-0.12929,1.00075,-0.07036
13.82,-0.13459,0.99975,-0.07277
13.84,-0.14019,0.99582,-0.07584
13.86,-0.13311,1.00496,-0.06903
13.88,-0.14359,0.99098,-0.08255
13.9,-0.14575,0.99293,-0.08678
13.92,-0.15778,0.9956,-0.07337
13.94,-0.14999,0.99986,-0.08249
13.96,-0.14581,0.98928,-0.0688
13.98,-0.14426,1,-0.09607
14,-0.146,0.99103,-0.08353
14.02,-0.14578,0.99367,-0.08005
14.04,-0.13919,0.99694,-0.08567
14.06,-0.14565,0.98958,-0.08199
14.08,-0.15375,0.9863,-0.09445
14.1,-0.14211,0.99722,-0.08968
14.12,-0.13783,0.98886,-0.08773
14.14,-0.12484,0.98136,-0.10646
14.16,-0.12437,0.98172,-0.09705
14.18,-0.1336,0.98899,-0.109
14.2,-0.13346,0.97482,-0.0865
14.22,-0.14099,0.99224,-0.0985
14.24,-0.14065,0.97663,-0.08926
14.26,-0.1553,0.99191,-0.10112
14.28,-0.14381,0.98807,-0.08825
14.3,-0.14469,0.98565,-0.09264
14.32,-0.13668,0.98176,-0.08405
14.34,-0.14193,0.99297,-0.08635
14.36,-0.15097,0.99318,-0.07539
14.38,-0.15561,0.99729,-0.08049
14.4,-0.15207,0.99223,-0.08197
14.42,-0.1544,0.98946,-0.08055
14.44,-0.14816,0.99023,-0.0781
14.46,-0.14685,0.99462,-0.08973
14.48,-0.14437,0.98018,-0.08139
14.5,-0.15437,0.99484,-0.08892
14.52,-0.16592,0.99004,-0.07754
14.54,-0.17008,0.99578,-0.09105
14.56,-0.16373,0.98586,-0.08548
14.58,-0.15236,0.9878,-0.09545
14.6,-0.14722,0.97571,-0.09503
14.62,-0.14598,0.98121,-0.0925
14.64,-0.14991,0.98434,-0.09986
14.66,-0.15378,0.98807,-0.1127
14.68,-0.15686,0.97797,-0.09686
14.7,-0.15975,0.98295,-0.10674
14.72,-0.14365,0.97849,-0.10572
14.74,-0.13244,0.97527,-0.104
14.76,-0.12765,0.97334,-0.09538
14.78,-0.13454,0.98356,-0.10661
14.8,-0.14396,0.97776,-0.10262
14.82,-0.15346,0.99186,-0.10512
14.84,-0.15396,0.98179,-0.10192
14.86,-0.15521,0.98302,-0.10485
14.88,-0.15065,0.98229,-0.08501
14.9,-0.15168,0.98675,-0.10341
14.92,-0.14037,0.98542,-0.0946
14.94,-0.14782,0.98516,-0.094
14.96,-0.14704,0.99102,-0.10395
14.98,-0.15397,0.99004,-0.10334
15,-0.15433,0.9837,-0.09895
15.02,-0.15329,0.98535,-0.09779
15.04,-0.14987,0.98026,-0.09135
15.06,-0.15853,0.99077,-0.0899
15.08,-0.15484,0.98772,-0.0855
15.1,-0.16055,0.98611,-0.09568
15.12,-0.15685,0.9941,-0.09245
15.14,-0.1585,0.99095,-0.09514
15.16,-0.15803,0.98611,-0.0944
15.18,-0.1541,0.98785,-0.10106
15.2,-0.15554,0.9783,-0.09475
15.22,-0.1561,0.99129,-0.1029
15.24,-0.16365,0.98654,-0.10069
15.26,-0.1705,0.98799,-0.10866
15.28,-0.16537,0.98697,-0.10699
15.3,-0.16694,0.98888,-0.10726
15.32,-0.15511,0.98316,-0.10223
15.34,-0.15322,0.97717,-0.10619
15.36,-0.158,0.98289,-0.10711
15.38,-0.16042,0.98803,-0.1084
15.4,-0.1771,0.98712,-0.09556
15.42,-0.17858,0.9996,-0.1045
15.44,-0.18288,0.98871,-0.09239
15.46,-0.17287,0.9945,-0.09747
15.48,-0.16252,0.99082,-0.09542
15.5,-0.16365,0.98458,-0.09728
15.52,-0.16552,0.99334,-0.09027
15.54,-0.17959,1.00521,-0.10106
15.56,-0.18567,0.99423,-0.0779
15.58,-0.18032,0.99319,-0.0846
15.6,-0.17666,0.99928,-0.08555
15.62,-0.17905,0.99527,-0.07195
15.64,-0.18065,1.00192,-0.07464
15.66,-0.18012,0.99089,-0.06475
15.68,-0.18915,0.99736,-0.07283
15.7,-0.20318,1.00252,-0.06601
15.72,-0.20395,1.00746,-0.0717
15.74,-0.19442,0.99093,-0.0762
15.76,-0.18467,0.98054,-0.07257
15.78,-0.17434,0.9962,-0.08171
15.8,-0.18339,0.99094,-0.072
15.82,-0.18434,0.98354,-0.0707
15.84,-0.19458,0.99037,-0.07842
15.86,-0.19789,0.98991,-0.06981
15.88,-0.19047,0.99197,-0.08184
15.9,-0.17629,0.9921,-0.07119
15.92,-0.16359,0.99,-0.07574
15.94,-0.1603,0.99019,-0.08058
15.96,-0.16948,0.99468,-0.07724
15.98,-0.17027,0.99359,-0.06429
16,-0.17701,1.00073,-0.07747
16.02,-0.16781,0.99619,-0.07453
16.04,-0.17469,1.00554,-0.07501
16.06,-0.15,0.99957,-0.0819
16.08,-0.14671,0.99329,-0.09086
16.1,-0.14143,1.00608,-0.08653
16.12,-0.15937,1.00633,-0.0898
16.14,-0.15414,0.99394,-0.09111
16.16,-0.14934,1.00316,-0.07909
16.18,-0.16341,1.01255,-0.08398
16.2,-0.15734,1.00948,-0.09768
16.22,-0.15502,0.99555,-0.08961
16.24,-0.15114,1.01395,-0.10454
16.26,-0.15163,0.99413,-0.1149
16.28,-0.14283,1.0032,-0.10557
16.3,-0.15419,0.99336,-0.10021
16.32,-0.15684,1.00205,-0.09709
16.34,-0.15856,0.99917,-0.10498
16.36,-0.16305,1.00441,-0.10391
16.38,-0.15455,0.99029,-0.10928
16.4,-0.12818,0.97983,-0.10643
16.42,-0.13482,0.99337,-0.10499
16.44,-0.13579,0.99148,-0.11096
16.46,-0.14762,0.98633,-0.10905
16.48,-0.14711,0.99397,-0.10374
16.5,-0.15462,0.98958,-0.12464
16.52,-0.13063,0.98644,-0.13136
16.54,-0.13094,0.96628,-0.14379
16.56,-0.12758,0.95911,-0.14002
16.58,-0.14016,0.97642,-0.14223
16.6,-0.15942,0.98062,-0.14268
16.62,-0.15852,0.9856,-0.15016
16.64,-0.13749,0.97123,-0.15397
16.66,-0.11382,0.96595,-0.16612
16.68,-0.09094,0.96215,-0.16074
16.7,-0.0828,0.96887,-0.16427
16.72,-0.08352,0.96401,-0.15219
16.74,-0.08483,0.97571,-0.15119
16.76,-0.06649,0.98211,-0.14401
16.78,-0.03338,0.98671,-0.14342
16.8,-0.00379,0.96875,-0.14828
16.82,0.03012,0.96864,-0.14679
16.84,0.03141,0.96763,-0.1377
16.86,0.02691,0.97249,-0.13603
16.88,0.01933,0.97994,-0.12559
16.9,0.01818,0.97803,-0.12066
16.92,0.03344,0.98436,-0.11657
16.94,0.04537,0.97999,-0.11475
16.96,0.05033,0.97802,-0.11694
16.98,0.05283,0.98033,-0.11405
17,0.04278,0.97888,-0.10209
17.02,0.05378,0.9865,-0.10306
17.04,0.06095,0.97983,-0.09218
17.06,0.06956,0.98515,-0.09751
17.08,0.07131,0.99103,-0.08987
17.1,0.06628,0.99512,-0.08168
17.12,0.07168,0.99105,-0.07801
17.14,0.08062,0.98385,-0.06099
17.16,0.0919,0.99015,-0.06381
17.18,0.10966,0.99796,-0.05243
17.2,0.10374,0.9942,-0.05765
17.22,0.1119,1.00244,-0.06818
17.24,0.09881,0.99075,-0.04231
17.26,0.08501,1.01154,-0.05295
17.28,0.08921,1,-0.04401
17.3,0.09567,0.99915,-0.05395
17.32,0.10365,0.98803,-0.05416
17.34,0.09724,1.00461,-0.05489
17.36,0.10243,1.00689,-0.07023
17.38,0.10061,0.99238,-0.05942
17.4,0.10085,0.99662,-0.06892
17.42,0.10129,0.99949,-0.06887
17.44,0.09235,0.99379,-0.06273
17.46,0.09966,1.00469,-0.07729
17.48,0.1003,0.99118,-0.07711
17.5,0.11555,1.00032,-0.07848
17.52,0.11786,0.99763,-0.07067
17.54,0.12749,1.00477,-0.07431
17.56,0.12861,0.99392,-0.07423
17.58,0.11576,0.99397,-0.06546
17.6,0.11448,1.0089,-0.08352
17.62,0.11163,0.98903,-0.07493
17.64,0.11548,0.99559,-0.07374
17.66,0.12618,0.99392,-0.06596
17.68,0.12584,0.99327,-0.06586
17.7,0.12998,0.99168,-0.06695
17.72,0.11415,0.99414,-0.07311
17.74,0.1125,0.99616,-0.06799
17.76,0.10945,0.99636,-0.07043
17.78,0.11083,0.99273,-0.07141
17.8,0.11415,0.99143,-0.07355
17.82,0.12118,0.98986,-0.07104
17.84,0.11457,0.99728,-0.07899
17.86,0.12143,0.9862,-0.07917
17.88,0.12095,0.99234,-0.08717
17.9,0.11197,0.99104,-0.09509
17.92,0.11693,0.99551,-0.09044
17.94,0.10919,0.98496,-0.08844
17.96,0.12075,0.9825,-0.08365
17.98,0.12173,0.98883,-0.08838
18,0.13867,0.98741,-0.08164
18.02,0.12993,0.97365,-0.0978
18.04,0.12335,0.99549,-0.09001
18.06,0.12148,0.984,-0.06591
18.08,0.12764,1.00009,-0.07664
18.1,0.12282,0.98257,-0.04461
18.12,0.12788,1.00213,-0.06616
18.14,0.11927,0.98625,-0.03803
18.16,0.11145,1.00014,-0.04735
18.18,0.10282,1.00507,-0.04507
18.2,0.09465,0.98771,-0.02312
18.22,0.09098,1.00116,-0.02712
18.24,0.09847,1.00228,-0.00678
18.26,0.10134,0.99098,-0.00282
18.28,0.09976,0.9978,-0.00198
18.3,0.08387,0.98799,0.01644
18.32,0.0831,1.0109,-0.01738
18.34,0.07769,0.99808,0.02912
18.36,0.06988,1.02488,0.013
18.38,0.08564,1.02323,0.04204
18.4,0.08926,1.00955,0.0368
18.42,0.10204,1.03538,0.02898
18.44,0.08112,1.03171,0.05218
18.46,0.07617,1.07231,0.06508
18.48,0.07064,1.0687,0.06975
18.5,0.08502,1.06465,0.05989
18.52,0.09157,1.07578,0.06449
18.54,0.09672,1.07925,0.08771
18.56,0.09383,1.07234,0.08471
18.58,0.1067,1.07327,0.07275
18.6,0.11769,1.06912,0.06405
18.62,0.10436,1.05814,0.07352
18.64,0.08977,1.07372,0.0722
18.66,0.07906,1.06916,0.06521
18.68,0.07236,1.03693,0.05318
18.7,0.07093,1.03467,0.05463
18.72,0.04742,1.05833,0.04638
18.74,0.03307,1.02777,0.04759
18.76,0.0303,1.01803,0.02625
18.78,0.02088,1.03075,0.02289
18.8,0.00399,0.99723,0.02708
18.82,-0.01494,1.01531,0.01791
18.84,-0.01399,1.02478,0.02367
18.86,-0.02886,0.99837,0.0328
18.88,-0.01936,0.99132,0.04337
18.9,-0.01894,1.00548,0.03324
18.92,-0.01757,1.00342,0.02947
18.94,-0.01733,0.97527,0.01301
18.96,-0.01141,1.00285,-0.00553
18.98,-0.02891,1.00542,0.01422
19,-0.01091,0.99479,0.00391
19.02,-0.01125,1.01954,-0.01077
19.04,-0.01163,0.99447,-0.01023
19.06,-0.01574,1.01025,-0.03749
19.08,-0.00278,1.00596,-0.08726
19.1,-0.01158,1.00147,-0.12918
19.12,-0.00458,1.01197,-0.12245
19.14,-0.02163,1.00635,-0.11345
19.16,-0.00396,1.03628,-0.09883
19.18,-0.00076,1.02528,-0.10522
19.2,0.01708,1.02062,-0.14643
19.22,0.01733,1.01694,-0.15549
19.24,0.01746,1.00775,-0.15572
19.26,-0.00626,1.01673,-0.15962
19.28,-0.01289,1.03784,-0.14811
19.3,-0.00845,1.04775,-0.11998
19.32,0.00858,1.03632,-0.10974
19.34,0.01146,1.00233,-0.11664
19.36,0.01756,1.02627,-0.12978
19.38,-0.00374,1.0096,-0.11527
19.4,-0.01746,1.00258,-0.09662
19.42,-0.02184,1.00811,-0.08434
19.44,-0.02255,1.01884,-0.07591
19.46,-0.0136,1.00927,-0.07133
19.48,0.01151,0.99256,-0.0697
19.5,0.01301,0.99353,-0.08015
19.52,0.00799,0.96399,-0.07036
19.54,-0.00332,0.97896,-0.07344
19.56,-0.01352,1.00723,-0.09155
19.58,-0.0049,0.98988,-0.0868
19.6,0.00042,0.983,-0.10732
19.62,0.01088,0.98896,-0.11551
19.64,-0.00178,0.98499,-0.11634
19.66,-0.00379,0.98639,-0.12795
19.68,-0.01628,0.96582,-0.13479
19.7,-0.01551,0.99772,-0.12912
19.72,-0.02054,0.97612,-0.1307
19.74,-0.01196,0.99599,-0.13406
19.76,-0.0182,0.98776,-0.14939
19.78,-0.00782,0.99822,-0.13829
19.8,-0.00954,0.98723,-0.14198
19.82,-0.01092,0.99388,-0.16258
19.84,-0.01183,0.99213,-0.17715
19.86,-0.00557,1.00478,-0.18307
19.88,-0.00673,0.98538,-0.18979
19.9,0.00356,1.01125,-0.18309
19.92,-0.00534,1.00628,-0.20292
19.94,0.00995,0.99707,-0.21181
19.96,-0.00359,1.00118,-0.22253
19.98,0.0153,1.02432,-0.21286
20,0.01442,0.98812,-0.2147
20.02,0.01133,0.99809,-0.23444
20.04,0.02585,0.99851,-0.2201
20.06,0.01721,1.00978,-0.20808
20.08,0.02625,0.99413,-0.20232
20.1,0.0212,0.99343,-0.19872
20.12,0.01639,1.00101,-0.20828
20.14,0.02054,0.9904,-0.19852
20.16,0.01979,1.00639,-0.18901
20.18,0.02488,0.99963,-0.21436
20.2,0.02733,0.97598,-0.22273
20.22,0.02025,0.98066,-0.23934
20.24,0.02299,0.99162,-0.23104
20.26,0.00412,0.98314,-0.22079
20.28,0.01397,0.98493,-0.23509
20.3,0.0048,0.97535,-0.23509
20.32,0.00892,0.98152,-0.23193
20.34,0.01204,0.99134,-0.24333
20.36,0.00842,0.97706,-0.24705
20.38,0.00272,0.97683,-0.25047
20.4,0.00064,0.98554,-0.21639
20.42,-0.00587,0.98483,-0.21385
20.44,-0.00211,1.00096,-0.2078
20.46,-0.0104,0.97966,-0.2058
20.48,0,1.01178,-0.21597
20.5,-0.00622,0.98039,-0.21332
20.52,0.00002,0.99262,-0.22266
20.54,0.00102,0.99736,-0.22102
20.56,-0.00003,0.99003,-0.2147
20.58,0.00609,0.9898,-0.21955
20.6,-0.00212,0.97923,-0.23307
20.62,-0.00344,0.98909,-0.23364
20.64,-0.00239,0.99775,-0.22628
20.66,-0.0027,0.98625,-0.22353
20.68,0.00088,0.99279,-0.24381
20.7,0.00077,0.97513,-0.2376
20.72,0.00253,0.9899,-0.22854
20.74,-0.00215,0.99387,-0.23251
20.76,-0.00412,0.98491,-0.23527
20.78,-0.00335,0.98246,-0.2309
20.8,-0.00575,0.99577,-0.23284
20.82,0.00026,0.99732,-0.22183
20.84,0.005,0.97815,-0.22883
20.86,0.0026,0.98955,-0.23653
20.88,0.00167,0.98813,-0.22918
20.9,-0.00024,0.98928,-0.21476
20.92,-0.00044,0.986,-0.22265
20.94,-0.00025,0.99463,-0.22706
20.96,0.00147,0.98506,-0.21167
20.98,-0.00049,0.9959,-0.2108
21,-0.00425,0.99364,-0.20844
21.02,-0.00363,0.99159,-0.20302
21.04,-0.00119,0.98945,-0.196
21.06,-0.00019,0.99532,-0.19337
21.08,-0.00102,0.98761,-0.18575
21.1,0.00054,0.99096,-0.18225
21.12,0.00061,0.99083,-0.17661
21.14,-0.00038,0.99069,-0.16849
21.16,-0.00356,0.9878,-0.16331
21.18,-0.00245,0.98988,-0.16172
21.2,-0.00027,0.98973,-0.15414
21.22,0.00227,0.98973,-0.15061
21.24,0.00199,0.98981,-0.1447
21.26,0.00025,0.99117,-0.13896
21.28,-0.00704,0.99021,-0.13291
21.3,-0.00518,0.99551,-0.12705
21.32,-0.00631,0.99337,-0.12396
21.34,-0.00162,0.99355,-0.12056
21.36,-0.0018,0.99432,-0.11722
21.38,0.00015,0.99473,-0.11461
21.4,-0.00208,0.99291,-0.11076
21.42,-0.00387,0.99355,-0.1086
21.44,-0.00425,0.99529,-0.10551
21.46,-0.00251,0.99417,-0.10408
21.48,-0.00012,0.99323,-0.10365
21.5,0.00304,0.99401,-0.10074
21.52,0.0008,0.99171,-0.09852
21.54,-0.00043,0.99314,-0.09389
21.56,-0.00053,0.99444,-0.09154
21.58,0,0.99264,-0.08851
21.6,0.00063,0.99287,-0.08392
21.62,0.00096,0.99419,-0.08007
21.64,0.00078,0.9935,-0.07667
21.66,0.00058,0.99282,-0.07317
21.68,-0.00093,0.99316,-0.07138
21.7,-0.00145,0.99298,-0.06969
21.72,0.00026,0.99374,-0.06783
21.74,0.00154,0.9929,-0.06699
21.76,0.00227,0.99195,-0.06748
21.78,0.00068,0.99115,-0.0667
21.8,-0.00079,0.9923,-0.06583
21.82,-0.00093,0.9922,-0.0651
21.84,0.00028,0.99175,-0.06544
21.86,0.00218,0.99192,-0.06478
21.88,0.00283,0.99176,-0.06332
21.9,0.00182,0.99226,-0.06265
21.92,0.00086,0.99246,-0.06213
21.94,0.00027,0.99283,-0.06118
21.96,0.00011,0.99239,-0.06023
21.98,0.0009,0.99342,-0.05812
22,0.0005,0.99346,-0.05615
22.02,0.00118,0.99325,-0.0544
22.04,0.00067,0.99374,-0.0525
22.06,0.00044,0.99446,-0.0503
22.08,-0.00072,0.99414,-0.04948
22.1,-0.00145,0.99479,-0.0484
22.12,-0.00126,0.99472,-0.04611
22.14,-0.00132,0.99461,-0.04396
22.16,-0.001,0.99444,-0.04321
22.18,-0.00071,0.99509,-0.04257
22.2,-0.0009,0.99484,-0.04156
22.22,-0.00078,0.99529,-0.04093
22.24,-0.0013,0.99523,-0.03972
22.26,-0.001,0.99525,-0.03891
22.28,-0.00156,0.99521,-0.03753
22.3,-0.00118,0.99567,-0.03545
22.32,-0.0013,0.99493,-0.03324
22.34,-0.00079,0.99551,-0.03095
22.36,-0.00088,0.99511,-0.02896
22.38,-0.00116,0.99514,-0.02716
22.4,-0.00132,0.9953,-0.02506
22.42,-0.00156,0.99493,-0.02282
22.44,-0.00175,0.9955,-0.02031
22.46,-0.00138,0.99544,-0.01798
22.48,-0.00194,0.99543,-0.01567
22.5,-0.00157,0.99566,-0.01393
22.52,-0.00142,0.99545,-0.01276
22.54,-0.00107,0.99534,-0.0108
22.56,-0.001,0.99569,-0.00942
22.58,-0.00095,0.99598,-0.00935
22.6,-0.00086,0.99516,-0.00858
22.62,-0.00091,0.99579,-0.00717
22.64,-0.00135,0.99564,-0.00678
22.66,-0.00076,0.99593,-0.00613
22.68,-0.00113,0.99529,-0.00595
22.7,-0.00014,0.99553,-0.00586
22.72,-0.00041,0.99481,-0.00565
22.74,-0.00052,0.99514,-0.00524
22.76,-0.0011,0.99542,-0.00567
22.78,-0.00138,0.99497,-0.00549
22.8,-0.00147,0.99544,-0.00388
22.82,-0.00126,0.99599,-0.00325
22.84,-0.00152,0.99532,-0.00267
22.86,-0.0006,0.99617,-0.00201
22.88,-0.00082,0.99507,-0.00193
22.9,-0.00079,0.99561,-0.00133
22.92,-0.00154,0.99598,-0.00097
22.94,-0.00141,0.99625,-0.00032
22.96,-0.00164,0.99606,0.0004
22.98,-0.0016,0.99632,0.00104
23,-0.00153,0.99602,0.0008
23.02,-0.00138,0.99582,0.00058
23.04,-0.00176,0.99561,-0.00023
23.06,-0.00118,0.99592,-0.00089
23.08,-0.00201,0.99475,-0.00186
23.1,-0.0018,0.9956,-0.00322
23.12,-0.00171,0.99504,-0.00482
23.14,-0.00142,0.99471,-0.00613
23.16,-0.00149,0.99488,-0.00766
23.18,-0.00106,0.99462,-0.00922
23.2,-0.00048,0.99455,-0.01068
23.22,-0.0004,0.99449,-0.01196
23.24,-0.00086,0.99457,-0.01338
23.26,-0.00059,0.99523,-0.01405
23.28,-0.00094,0.99448,-0.01479
23.3,-0.00067,0.99552,-0.01466
23.32,-0.0005,0.99531,-0.01497
23.34,-0.00084,0.99533,-0.01468
23.36,-0.00085,0.99556,-0.01424
23.38,-0.00145,0.99545,-0.01491
23.4,-0.00173,0.99579,-0.01501
23.42,-0.00189,0.99572,-0.0156
23.44,-0.00155,0.99619,-0.01558
23.46,-0.00137,0.99567,-0.01539
23.48,-0.0018,0.99565,-0.01464
23.5,-0.00211,0.9964,-0.01516
23.52,-0.00209,0.99551,-0.01496
23.54,-0.00266,0.99604,-0.01421
23.56,-0.00197,0.99631,-0.01447
23.58,-0.00242,0.99602,-0.01444
23.6,-0.00172,0.99609,-0.01336
23.62,-0.00171,0.99632,-0.01301
23.64,-0.00194,0.99583,-0.0117
23.66,-0.00217,0.9963,-0.01077
23.68,-0.00224,0.99657,-0.01007
23.7,-0.00209,0.99642,-0.00983
23.72,-0.00163,0.99611,-0.00876
23.74,-0.00157,0.99666,-0.00881
23.76,-0.0014,0.99575,-0.00886
23.78,-0.00186,0.99601,-0.00805
23.8,-0.00179,0.99422,0.01227
23.82,-0.00432,0.99533,0.05255
23.84,-0.00907,0.99451,0.11128
23.86,-0.00608,0.99931,0.1697
23.88,-0.01094,1.00284,0.23109
23.9,-0.01213,1.00203,0.296
23.92,-0.01083,1.00887,0.35747
23.94,-0.01321,1.0117,0.41376
23.96,-0.01868,1.00782,0.47475
23.98,-0.02483,1.00763,0.52507
24,-0.02854,1.01004,0.58664
24.02,-0.03561,1.01126,0.64418
24.04,-0.04352,1.01208,0.68999
24.06,-0.04766,1.02118,0.71397
24.08,-0.05976,1.03254,0.72058
24.1,-0.05564,1.02834,0.731
24.12,-0.06299,1.04087,0.73128
24.14,-0.06085,1.03474,0.73795
24.16,-0.05445,1.02945,0.75581
24.18,-0.05248,1.03619,0.76069
24.2,-0.04486,1.05675,0.76995
24.22,-0.05855,1.05147,0.79747
24.24,-0.05433,1.06431,0.81971
24.26,-0.04601,1.05007,0.81712
24.28,-0.03222,1.0542,0.81873
24.3,-0.00439,1.04448,0.83742
24.32,-0.01786,1.04459,0.82548
24.34,-0.00604,1.04734,0.85591
24.36,-0.01199,1.06653,0.85609
24.38,-0.01178,1.04539,0.85192
24.4,0.01395,1.06156,0.84869
24.42,0.01955,1.02324,0.85913
24.44,0.04644,1.035,0.84581
24.46,0.04277,1.01889,0.81556
24.48,0.02182,1.02201,0.82469
24.5,0.01477,1.03998,0.83619
24.52,-0.00901,1.00538,0.85269
24.54,0.00934,1.01436,0.86668
24.56,0.00992,1.00744,0.87946
24.58,0.00511,0.98675,0.90662
24.6,-0.01023,1.01656,0.94642
24.62,-0.0391,0.99351,0.97884
24.64,-0.05432,1.02733,1.00073
24.66,-0.06574,1.01417,1.00524
24.68,-0.06786,1.03346,1.0167
24.7,-0.04144,1.04134,1.01886
24.72,-0.04224,1.00882,1.00447
24.74,-0.02485,1.04523,0.99454
24.76,-0.0373,1.03245,1.0158
24.78,-0.05044,1.03158,1.01808
24.8,-0.05497,1.03533,1.01669
24.82,-0.04102,1.03244,1.01857
24.84,-0.04626,1.04495,1.00752
24.86,-0.03543,1.03438,1.0315
24.88,-0.0439,1.05552,1.06617
24.9,-0.03307,1.03024,1.09567
24.92,-0.0397,1.03554,1.1031
24.94,-0.02723,1.06138,1.13326
24.96,-0.05285,1.04362,1.15613
24.98,-0.05718,1.07094,1.16153
25,-0.05304,1.07026,1.14781
25.02,-0.04508,1.07031,1.14752
25.04,-0.04223,1.05925,1.13191
25.06,-0.0254,1.07075,1.14977
25.08,-0.01946,1.06894,1.13815
25.1,0.00337,1.05016,1.11288
25.12,0.00297,1.06916,1.09323
25.14,-0.0002,1.07903,1.08302
25.16,-0.01318,1.07016,1.05539
25.18,-0.01173,1.05835,1.01498
25.2,0.00144,1.06431,1.01167
25.22,0.01343,1.06139,1.01407
25.24,0.01139,1.03648,1.00761
25.26,0.01259,1.06521,0.99635
25.28,0.00876,1.05608,0.98546
25.3,0.00106,1.03647,0.99355
25.32,-0.00719,1.05899,0.98521
25.34,0.01035,1.0607,0.96741
25.36,0.0159,1.02355,0.9763
25.38,0.02411,1.05493,0.96164
25.4,0.04129,1.05651,0.99033
25.42,0.0382,1.04242,0.95614
25.44,0.03918,1.02335,0.93058
25.46,0.02391,1.07087,0.92836
25.48,0.00061,1.05547,0.93173
25.5,-0.00126,1.0325,0.90601
25.52,-0.01026,1.05309,0.87875
25.54,0.00319,1.03415,0.8704
25.56,0.0128,1.02405,0.86004
25.58,0.01778,1.03199,0.82466
25.6,0.01667,0.97375,0.81884
25.62,-0.01739,0.9994,0.73718
25.64,-0.08087,0.9932,0.72744
25.66,-0.12015,1.01908,0.72878
25.68,-0.10175,0.98294,0.71213
25.7,-0.05527,0.9881,0.71306
25.72,-0.01887,1.01749,0.77649
25.74,0.03723,0.98792,0.75913
25.76,0.03183,0.97576,0.73694
25.78,-0.02083,0.97554,0.75003
25.8,-0.03739,1.00793,0.75936
25.82,-0.07755,1.03053,0.74929
25.84,-0.06066,1.02865,0.82713
25.86,-0.00234,1.0361,0.84302
25.88,0.01997,1.02522,0.83356
25.9,0.02813,1.05696,0.85596
25.92,-0.00636,1.04182,0.83067
25.94,-0.04498,1.00701,0.78282
25.96,-0.08933,1.04023,0.78458
25.98,-0.08987,1.05371,0.79302
26,-0.04996,1.04785,0.78802
26.02,-0.00778,1.0354,0.79567
26.04,0.0339,1.00706,0.80166
26.06,0.05885,1.02204,0.78027
26.08,0.07139,0.99657,0.75359
26.1,0.0784,1.0028,0.76951
26.12,0.08707,0.99836,0.75633
26.14,0.11092,1.01404,0.73874
26.16,0.1253,0.98944,0.69179
26.18,0.12567,0.97942,0.68843
26.2,0.0969,0.99097,0.69607
26.22,0.06634,1.00027,0.67497
26.24,0.02161,1.01465,0.64909
26.26,0.02048,1.06441,0.70943
26.28,0.04026,1.04611,0.66617
26.3,0.06968,1.04863,0.70015
26.32,0.05696,1.03419,0.67182
26.34,0.01949,1.01699,0.65547
26.36,-0.02276,0.9913,0.65966
26.38,-0.04242,1.03907,0.68845
26.4,-0.06652,1.04375,0.69515
26.42,-0.05821,1.02766,0.63761
26.44,-0.02209,1.04706,0.64706
26.46,0.01308,1.04141,0.64702
26.48,0.02958,1.01939,0.6134
26.5,-0.01105,1.01719,0.61645
26.52,-0.04563,1.04108,0.54301
26.54,-0.02119,1.02691,0.49138
26.56,0.01558,1.01808,0.43175
26.58,0.05579,1.01883,0.3824
26.6,0.07912,1.01004,0.29243
26.62,0.11733,0.98608,0.25148
26.64,0.11478,1.00391,0.24319
26.66,0.08856,0.97697,0.20333
26.68,0.0651,0.98362,0.17526
26.7,0.03418,0.98803,0.07051
26.72,0.01501,0.98148,0.02093
26.74,-0.03014,0.98401,-0.00061
26.76,-0.04534,0.99882,-0.00047
26.78,-0.02746,0.97404,-0.01395
26.8,-0.01515,0.98188,-0.02916
26.82,-0.01046,1.0317,0.00352
26.84,0.00103,1.03659,0.00698
26.86,0.01171,1.0155,-0.01255
26.88,-0.02741,0.99476,-0.06651
26.9,-0.05454,0.96739,-0.12363
26.92,-0.02406,0.95132,-0.10617
26.94,0.01491,0.93795,-0.08115
26.96,0.07159,0.94423,-0.0823
26.98,0.07671,0.9239,-0.10992
27,0.03767,0.99033,-0.10243
27.02,-0.02027,0.98186,-0.05558
27.04,-0.08559,0.97129,-0.07484
27.06,-0.12248,0.98217,-0.137
27.08,-0.1071,0.94069,-0.14974
27.1,0.01442,0.97124,-0.11264
27.12,0.05937,0.94666,-0.11442
27.14,0.05,0.981,-0.16605
27.16,0.07633,0.96946,-0.19412
27.18,0.04377,0.96104,-0.1865
27.2,0.02528,0.99517,-0.15506
27.22,-0.00326,1.01112,-0.16012
27.24,0.02188,1.05362,-0.21473
27.26,0.09401,1.04843,-0.19652
27.28,0.07345,1.15498,-0.21971
27.3,0.04322,1.28353,-0.22316
27.32,-0.09278,1.35714,-0.25684
27.34,-0.15198,1.37446,-0.24556
27.36,-0.24997,1.48123,-0.246
27.38,-0.39791,1.62509,-0.26324
27.4,-0.42503,1.89239,-0.17095
27.42,-0.43569,2.03474,-0.08415
27.44,-0.52216,2.02913,-0.13996
27.46,-0.38385,2.02306,-0.30929
27.48,-0.50396,2.0928,-0.35346
27.5,-0.60239,2.29261,-0.29968
27.52,-0.70364,2.31152,-0.2327
27.54,-0.63848,2.32325,-0.28923
27.56,-0.6843,2.49525,-0.34162
27.58,-0.67662,2.60418,-0.28937
27.6,-0.6603,2.6159,-0.28735
27.62,-0.63173,2.47498,-0.36173
27.64,-0.64755,2.55659,-0.47932
27.66,-0.60159,2.64514,-0.41176
27.68,-0.79766,2.88598,-0.17367
27.7,-0.71233,2.92415,-0.13949
27.72,-0.67693,2.89293,-0.21658
27.74,-0.6561,2.95594,-0.34016
27.76,-0.66769,3.07463,-0.21234
27.78,-0.53056,3.02528,-0.1511
27.8,-0.41204,3.02199,-0.14273
27.82,-0.32719,3.14647,-0.09236
27.84,-0.26155,3.11068,-0.05679
27.86,-0.22791,3.05527,-0.07174
27.88,-0.10675,3.10169,-0.09216
27.9,-0.04028,3.00033,-0.15781
27.92,-0.03636,3.04086,-0.16283
27.94,0.01376,2.92732,-0.01367
27.96,0.0315,2.99242,0.11837
27.98,0.01328,2.93158,0.07567
28,-0.01386,2.96187,0.07562
28.02,-0.01671,2.81983,0.04585
28.04,0.04698,2.74313,0.02633
28.06,0.04275,2.7907,-0.01731
28.08,0.11404,2.74701,0.05532
28.1,0.03997,2.69177,0.03979
28.12,0.01552,2.67516,0.08111
28.14,0.01403,2.64185,0.09769
28.16,0.07036,2.59175,0.04029
28.18,0.16505,2.48757,0.0059
28.2,0.23353,2.48266,-0.02924
28.22,0.2615,2.46247,-0.04045
28.24,0.24079,2.45363,-0.01465
28.26,0.16336,2.42968,-0.01681
28.28,0.11288,2.31445,-0.03244
28.3,0.06644,2.29574,-0.10361
28.32,0.12783,2.31235,-0.07494
28.34,0.1675,2.3086,-0.09088
28.36,0.25792,2.24734,-0.04583
28.38,0.28426,2.2287,-0.05869
28.4,0.31301,2.16573,-0.104
28.42,0.27265,2.10949,-0.0748
28.44,0.24363,2.10265,-0.05501
28.46,0.27365,2.13656,-0.00383
28.48,0.31089,2.12021,0.02294
28.5,0.32865,2.15705,0.02155
28.52,0.33062,2.12651,0.0421
28.54,0.34621,2.09763,0.03488
28.56,0.35783,1.98723,0.06363
28.58,0.28988,2.02805,-0.02303
28.6,0.27178,2.00664,0.05356
28.62,0.23983,2.02152,0.08248
28.64,0.25106,2.01355,0.10952
28.66,0.24843,1.9599,0.07173
28.68,0.23814,1.94426,0.01955
28.7,0.26746,1.79704,0.00204
28.72,0.29602,1.84508,0.02493
28.74,0.31371,1.707,0.04851
28.76,0.25393,1.73425,0.06694
28.78,0.20693,1.69789,0.01554
28.8,0.21545,1.6711,0.05369
28.82,0.22273,1.67564,-0.01961
28.84,0.23605,1.578,0.01823
28.86,0.27127,1.47975,-0.00644
28.88,0.31226,1.46302,-0.02482
28.9,0.25482,1.33549,-0.06174
28.92,0.19104,1.45195,-0.05054
28.94,0.17747,1.31485,0.01389
28.96,0.1261,1.39624,-0.03323
28.98,0.14168,1.29597,-0.03518
29,0.14745,1.28933,-0.08125
29.02,0.10965,1.22559,-0.08617
29.04,0.13602,1.1073,-0.10294
29.06,0.14766,1.17046,-0.13678
29.08,0.10009,1.15319,-0.11814
29.1,0.02166,1.16974,-0.08158
29.12,0.05115,1.18727,-0.04855
29.14,0.08292,1.05078,-0.07134
29.16,0.06422,1.10713,-0.17197
29.18,0.08175,1.04204,-0.12004
29.2,0.04834,1.02189,-0.17576
29.22,0.04767,1.0547,-0.09038
29.24,0.05787,0.98919,-0.1154
29.26,0.03891,1.0921,-0.12419
29.28,0.02228,1.01208,-0.13435
29.3,0.03625,1.03285,-0.17677
29.32,0.06661,0.8988,-0.10685
29.34,0.1029,0.92426,-0.15144
29.36,0.10739,0.90166,-0.1579
29.38,0.12241,0.91419,-0.16663
29.4,0.16183,0.87979,-0.17388
29.42,0.17106,0.90407,-0.16919
29.44,0.18395,0.86097,-0.14227
29.46,0.157,0.92574,-0.17708
29.48,0.15116,0.8461,-0.14816
29.5,0.0926,0.81382,-0.23633
29.52,0.08835,0.81455,-0.26816
29.54,0.07764,0.8243,-0.3239
29.56,0.06403,0.83522,-0.26549
29.58,0.08096,0.83866,-0.28315
29.6,0.05548,0.78901,-0.28912
29.62,0.06,0.79314,-0.30042
29.64,0.10054,0.76454,-0.2664
29.66,0.11393,0.771,-0.31609
29.68,0.17199,0.74717,-0.26115
29.7,0.16678,0.74661,-0.29192
29.72,0.22704,0.77832,-0.20595
29.74,0.21993,0.77023,-0.14501
29.76,0.21483,0.80101,-0.16626
29.78,0.21829,0.79036,-0.18543
29.8,0.20583,0.77969,-0.17899
29.82,0.24394,0.78537,-0.14998
29.84,0.23467,0.82524,-0.11556
29.86,0.2305,0.76461,-0.17214
29.88,0.23525,0.7686,-0.13569
29.9,0.22402,0.68532,-0.21267
29.92,0.26037,0.71375,-0.17336
29.94,0.28907,0.66846,-0.16985
29.96,0.3025,0.74586,-0.16409
29.98,0.32735,0.71521,-0.16682
30,0.28747,0.7127,-0.15179
30.02,0.26413,0.7447,-0.18611
30.04,0.27007,0.71245,-0.1489
30.06,0.25436,0.71147,-0.2443
30.08,0.31471,0.72465,-0.16964
30.1,0.30338,0.69044,-0.27591
30.12,0.37267,0.77682,-0.23589
30.14,0.2882,0.67629,-0.30097
30.16,0.3062,0.79757,-0.30824
30.18,0.29217,0.69669,-0.30424
30.2,0.33923,0.71926,-0.26433
30.22,0.34601,0.74515,-0.31391
30.24,0.38845,0.71372,-0.24719
30.26,0.32643,0.72669,-0.32996
30.28,0.39627,0.77102,-0.20554
30.3,0.28999,0.70895,-0.29919
30.32,0.41196,0.85594,-0.19025
30.34,0.29816,0.67139,-0.19173
30.36,0.38379,0.9051,-0.12931
30.38,0.30169,0.76382,-0.13351
30.4,0.33377,0.83945,-0.17258
30.42,0.3081,0.90667,-0.15477
30.44,0.3498,0.80554,-0.14735
30.46,0.33246,0.93975,-0.15714
30.48,0.37606,0.85547,-0.11199
30.5,0.27857,0.91461,-0.21008
30.52,0.34316,0.94666,-0.1149
30.54,0.22693,0.83704,-0.23354
30.56,0.32327,1.02014,-0.12856
30.58,0.26434,0.85475,-0.21755
30.6,0.34568,1.02094,-0.11474
30.62,0.29556,0.90989,-0.13452
30.64,0.27632,1.00662,-0.13611
30.66,0.25892,0.97283,-0.12433
30.68,0.27037,0.99453,-0.10869
30.7,0.31547,1.00745,-0.12604
30.72,0.30072,1.02352,-0.07155
30.74,0.30761,1.04149,-0.07327
30.76,0.2806,1.12575,-0.06985
30.78,0.2454,1.04723,-0.16404
30.8,0.25773,1.13211,-0.15002
30.82,0.26081,1.08175,-0.18324
30.84,0.31925,1.17033,-0.18147
30.86,0.39371,1.0616,-0.21262
30.88,0.38013,1.11888,-0.29357
30.9,0.37819,1.03694,-0.30395
30.92,0.28914,1.14714,-0.297
30.94,0.3154,1.17139,-0.2988
30.96,0.3172,1.14835,-0.33383
30.98,0.38733,1.2466,-0.29153
31,0.39835,1.20493,-0.2819
31.02,0.44326,1.3158,-0.22469
31.04,0.4204,1.26805,-0.24145
31.06,0.43428,1.3639,-0.22378
31.08,0.39134,1.35238,-0.22117
31.1,0.39918,1.49507,-0.11395
31.12,0.39423,1.50308,-0.13031
31.14,0.43442,1.58059,-0.14096
31.16,0.43469,1.49583,-0.12381
31.18,0.46867,1.70676,-0.11609
31.2,0.49341,1.53135,-0.08721
31.22,0.51718,1.64852,-0.03427
31.24,0.40129,1.63583,-0.01949
31.26,0.40236,1.71152,0.01105
31.28,0.36791,1.80859,0.00591
31.3,0.37974,1.82763,-0.00676
31.32,0.43099,1.88268,0.00817
31.34,0.5042,1.94391,0.05462
31.36,0.49767,1.97212,0.05907
31.38,0.56655,2.00904,0.07588
31.4,0.46287,2.01853,0.06686
31.42,0.4568,2.14377,0.10565
31.44,0.36118,2.30366,0.04549
31.46,0.48576,2.23412,0.04076
31.48,0.49489,2.32058,-0.01124
31.5,0.53561,2.25815,-0.00556
31.52,0.5215,2.31125,0.05979
31.54,0.48077,2.2922,0.02455
31.56,0.40212,2.28866,0.01811
31.58,0.34242,2.33393,0.09919
31.6,0.26104,2.45835,0.05079
31.62,0.27966,2.36141,0.08061
31.64,0.15286,2.50682,0.00747
31.66,0.19457,2.38907,0.06942
31.68,0.16497,2.551,0.08593
31.7,0.23109,2.51967,0.13952
31.72,0.16974,2.57405,0.17629
31.74,0.13236,2.64151,0.1256
31.76,0.05016,2.65065,0.14585
31.78,0.01115,2.76064,0.12761
31.8,0.00586,2.77509,0.10707
31.82,-0.00135,2.73425,0.15294
31.84,0.0032,2.92889,0.15387
31.86,0.04763,2.79853,0.22551
31.88,0.05621,2.97955,0.23418
31.9,0.06522,2.92946,0.20826
31.92,-0.05775,2.96425,0.17749
31.94,-0.03426,2.97457,0.22783
31.96,-0.10528,3.04465,0.22908
31.98,-0.12219,3.07328,0.28887
32,-0.11913,3.17725,0.32352
32.02,-0.09028,3.14618,0.31364
32.04,-0.08525,3.18141,0.30544
32.06,-0.11101,3.15405,0.33004
32.08,-0.12427,3.18249,0.34922
32.1,-0.19717,3.21755,0.30892
32.12,-0.2381,3.15636,0.36494
32.14,-0.23609,3.27283,0.38765
32.16,-0.30929,3.23108,0.38824
32.18,-0.27055,3.24651,0.45273
32.2,-0.28505,3.24363,0.41409
32.22,-0.34592,3.15636,0.37043
32.24,-0.38431,3.14083,0.40269
32.26,-0.43873,3.14932,0.34392
32.28,-0.40864,3.02102,0.38489
32.3,-0.44495,3.06949,0.36109
32.32,-0.40636,2.95338,0.39078
32.34,-0.44942,2.96417,0.32789
32.36,-0.51741,2.86676,0.32493
32.38,-0.53064,2.87427,0.26826
32.4,-0.5958,2.79317,0.22345
32.42,-0.55543,2.76271,0.17959
32.44,-0.52083,2.62612,0.19264
32.46,-0.45017,2.58231,0.17719
32.48,-0.42773,2.55619,0.26814
32.5,-0.47715,2.57337,0.23925
32.52,-0.48507,2.46469,0.20318
32.54,-0.50216,2.39035,0.20564
32.56,-0.49119,2.34923,0.22492
32.58,-0.44776,2.18046,0.17622
32.6,-0.43395,2.10534,0.12857
32.62,-0.41664,2.00835,0.1325
32.64,-0.41614,1.96042,0.16717
32.66,-0.43315,1.91263,0.2198
32.68,-0.45601,1.82194,0.17598
32.7,-0.40303,1.66276,0.09988
32.72,-0.34893,1.55715,0.06809
32.74,-0.2872,1.50892,0.09117
32.76,-0.24748,1.40937,0.07583
32.78,-0.24625,1.27836,0.08334
32.8,-0.23144,1.26292,0.08123
32.82,-0.19582,1.16739,0.15169
32.84,-0.13401,1.08814,0.11898
32.86,-0.11976,0.91271,0.09898
32.88,-0.07685,0.80899,0.06217
32.9,-0.05447,0.71833,0.0887
32.92,-0.04785,0.66453,0.13141
32.94,-0.04123,0.56151,0.08683
32.96,-0.05578,0.40858,0.16521
32.98,-0.06832,0.32054,0.14646
33,-0.0224,0.26237,0.12919
33.02,-0.016,0.13905,0.13466
33.04,-0.004,0.05822,0.07784
33.06,0.03622,-0.04362,0.11559
33.08,0.05992,-0.09033,0.13316
33.1,0.09003,-0.1121,0.10837
33.12,0.11066,-0.23543,0.06273
33.14,0.10018,-0.34583,-0.04183
33.16,0.09494,-0.4515,0.0675
33.18,0.12121,-0.45588,-0.07442
33.2,0.13473,-0.52745,-0.04523
33.22,0.09237,-0.59732,-0.11276
33.24,0.11669,-0.57339,-0.11867
33.26,0.0953,-0.602,-0.14058
33.28,0.05519,-0.54775,-0.13042
33.3,0.09931,-0.59515,-0.17997
33.32,0.13971,-0.63452,-0.12783
33.34,0.12331,-0.60078,-0.16396
33.36,0.17316,-0.58996,-0.10219
33.38,0.18789,-0.52353,-0.24401
33.4,0.21287,-0.58041,-0.16032
33.42,0.20549,-0.48142,-0.23688
33.44,0.22467,-0.44317,-0.16961
33.46,0.19933,-0.48141,-0.19527
33.48,0.23161,-0.47433,-0.1655
33.5,0.22322,-0.62112,-0.2175
33.52,0.22868,-0.49355,-0.21375
33.54,0.15376,-0.51115,-0.25368
33.56,0.18979,-0.35073,-0.26676
33.58,0.1617,-0.3653,-0.18316
33.6,0.14903,-0.3232,-0.22638
33.62,0.18729,-0.3159,-0.22145
33.64,0.15757,-0.31144,-0.26415
33.66,0.1945,-0.31243,-0.25753
33.68,0.16817,-0.26005,-0.27789
33.7,0.14035,-0.1695,-0.2389
33.72,0.13023,-0.07223,-0.30098
33.74,0.08655,-0.06741,-0.25712
33.76,0.12664,-0.04688,-0.31773
33.78,0.11732,-0.12345,-0.23904
33.8,0.13186,-0.04326,-0.31629
33.82,0.16836,-0.03734,-0.24707
33.84,0.06541,0.09199,-0.29303
33.86,0.10094,0.07635,-0.23987
33.88,0.04816,0.14349,-0.25275
33.9,0.07564,0.16738,-0.24536
33.92,0.11281,0.13115,-0.25326
33.94,0.15977,0.20722,-0.20313
33.96,0.18945,0.15513,-0.2135
33.98,0.19571,0.26035,-0.23507
34,0.20001,0.24258,-0.22175
34.02,0.17555,0.27211,-0.27705
34.04,0.1528,0.26784,-0.21959
34.06,0.18961,0.24125,-0.27241
34.08,0.17892,0.2625,-0.21821
34.1,0.17902,0.26939,-0.27217
34.12,0.21354,0.32217,-0.22725
34.14,0.18828,0.3064,-0.23285
34.16,0.20817,0.33918,-0.24557
34.18,0.20028,0.3374,-0.25414
34.2,0.1981,0.36052,-0.22276
34.22,0.19708,0.36251,-0.25443
34.24,0.21107,0.40026,-0.1953
34.26,0.19979,0.41067,-0.24478
34.28,0.22227,0.44785,-0.21109
34.3,0.21054,0.47356,-0.2842
34.32,0.26062,0.49007,-0.23286
34.34,0.25199,0.51832,-0.24362
34.36,0.31322,0.52142,-0.23363
34.38,0.31243,0.53258,-0.21722
34.4,0.34306,0.54037,-0.29361
34.42,0.37695,0.51719,-0.23339
34.44,0.37606,0.60828,-0.25102
34.46,0.4127,0.58985,-0.2534
34.48,0.44117,0.68898,-0.22132
34.5,0.43447,0.67156,-0.19523
34.52,0.55665,0.65816,-0.14837
34.54,0.56286,0.61588,-0.20111
34.56,0.68997,0.5871,-0.0819
34.58,0.64679,0.69928,-0.21131
34.6,0.65414,0.64493,-0.17838
34.62,0.60816,0.70221,-0.14457
34.64,0.55768,0.75447,-0.20368
34.66,0.54171,0.78417,-0.15709
34.68,0.52463,0.81532,-0.15024
34.7,0.556,0.76636,-0.18773
34.72,0.61774,0.73435,-0.19726
34.74,0.63519,0.84728,-0.18434
34.76,0.67443,0.86623,-0.1308
34.78,0.5854,0.8732,-0.30246
34.8,0.6017,0.84379,-0.19804
34.82,0.54785,0.93899,-0.21857
34.84,0.61189,0.94012,-0.18476
34.86,0.70266,0.94253,-0.13571
34.88,0.77654,0.89354,-0.13502
34.9,0.8378,0.88954,-0.10906
34.92,0.8395,0.90241,-0.08129
34.94,0.8327,0.97646,-0.11738
34.96,0.74028,0.93427,-0.09258
34.98,0.69326,0.99506,-0.04855
35,0.66086,1.04887,-0.03362
35.02,0.67654,1.04018,0.01922
35.04,0.77203,1.06439,-0.02307
35.06,0.79144,1.00796,0.03078
35.08,0.75512,1.07208,-0.00435
35.1,0.67767,1.08036,0.02205
35.12,0.57026,1.10508,-0.0943
35.14,0.59364,1.05228,-0.15099
35.16,0.61113,1.05633,0.04633
35.18,0.61401,1.12074,-0.0312
35.2,0.57948,1.08504,-0.14624
35.22,0.49269,1.17017,-0.14127
35.24,0.54055,1.1942,-0.11126
35.26,0.54546,1.20179,-0.05771
35.28,0.496,1.27072,-0.13582
35.3,0.46818,1.22251,-0.12263
35.32,0.5206,1.26663,-0.17118
35.34,0.56024,1.26537,-0.07523
35.36,0.5195,1.37703,-0.00391
35.38,0.43318,1.3996,-0.16602
35.4,0.43901,1.38426,-0.13733
35.42,0.45987,1.42559,-0.06884
35.44,0.56817,1.40806,-0.051
35.46,0.51574,1.37813,-0.11355
35.48,0.47615,1.39011,-0.14369
35.5,0.45177,1.39736,-0.09546
35.52,0.43574,1.4556,-0.15516
35.54,0.39632,1.46623,-0.1378
35.56,0.38659,1.48476,-0.14666
35.58,0.37898,1.55147,-0.13291
35.6,0.42218,1.59467,-0.17152
35.62,0.38544,1.59485,-0.17512
35.64,0.39682,1.6285,-0.17694
35.66,0.34232,1.62463,-0.17635
35.68,0.34731,1.6801,-0.21735
35.7,0.3018,1.68497,-0.27756
35.72,0.38787,1.71403,-0.22836
35.74,0.37234,1.70987,-0.1489
35.76,0.34504,1.77996,-0.16654
35.78,0.23169,1.83859,-0.22446
35.8,0.22078,1.87049,-0.15237
35.82,0.18563,1.9102,-0.09041
35.84,0.23728,1.96737,-0.05629
35.86,0.24171,2.03625,-0.05903
35.88,0.30499,2.01792,-0.00745
35.9,0.24533,2.07605,-0.01356
35.92,0.21127,2.12834,0.08066
35.94,0.06555,2.31636,0.01808
35.96,0.05956,2.36266,0.04554
35.98,0.03305,2.41282,0.06653
36,0.1604,2.4549,0.05689
36.02,0.15002,2.46186,-0.12073
36.04,0.22511,2.49259,-0.09031
36.06,0.13316,2.56712,-0.04539
36.08,0.07632,2.5635,-0.0945
36.1,-0.08481,2.73693,-0.21598
36.12,-0.05873,2.82997,-0.17147
36.14,-0.08373,2.89931,-0.1805
36.16,-0.04572,2.85977,-0.18727
36.18,-0.05433,2.94669,-0.19204
36.2,-0.01337,3.01952,-0.18525
36.22,-0.04683,3.09261,-0.16453
36.24,-0.13025,3.19316,-0.04507
36.26,-0.23762,3.27373,-0.10124
36.28,-0.22238,3.26525,-0.23232
36.3,-0.21217,3.34779,-0.1779
36.32,-0.09088,3.43846,-0.03649
36.34,-0.1365,3.41514,-0.00524
36.36,-0.10585,3.49192,0.00106
36.38,-0.0872,3.58588,0.08306
36.4,-0.11569,3.64241,0.03634
36.42,-0.14323,3.73138,-0.01306
36.44,-0.1177,3.739,0.10572
36.46,-0.13198,3.753,0.07744
36.48,-0.17561,3.80492,0.04271
36.5,-0.17829,3.90281,0.15097
36.52,-0.18029,4.02666,0.12375
36.54,-0.13111,3.92803,0.11825
36.56,-0.09315,4.02171,0.09696
36.58,-0.04918,4.02338,0.08542
36.6,-0.04916,4.05718,0.02528
36.62,-0.05534,4.08979,0.00369
36.64,-0.05286,4.00954,0.08454
36.66,-0.08677,4.0609,-0.07968
36.68,-0.02096,4.07713,-0.11042
36.7,0.10605,4.13852,0.05229
36.72,0.15317,4.1345,0.02179
36.74,0.1659,4.04538,0.02356
36.76,0.06408,4.07456,0.03231
36.78,-0.03808,4.05556,0.0207
36.8,-0.10323,4.09469,0.07413
36.82,-0.10359,4.08048,0.08905
36.84,-0.12422,4.04956,0.03269
36.86,-0.14982,4.08497,-0.02727
36.88,-0.12182,4.17869,0.00944
36.9,-0.11999,4.12498,0.04505
36.92,-0.22421,4.17998,-0.04773
36.94,-0.20815,4.08354,-0.08031
36.96,-0.22591,4.15008,-0.05093
36.98,-0.25033,4.17189,-0.07458
37,-0.17813,4.20954,-0.06202
37.02,-0.10512,4.10427,-0.10321
37.04,-0.08358,4.0702,-0.11681
37.06,0.02473,4.05405,0.00174
37.08,0.08396,4.08897,0
37.1,0.09909,3.98042,0.04461
37.12,0.04073,4.04155,0.08443
37.14,0.01396,3.88975,0.07053
37.16,-0.11633,3.97702,-0.00819
37.18,-0.13978,3.92052,0.03707
37.2,-0.02788,3.94096,0.02047
37.22,-0.06701,3.79902,-0.03289
37.24,-0.13181,3.88501,-0.02982
37.26,-0.1034,3.84116,-0.07235
37.28,-0.13648,3.76838,-0.08093
37.3,-0.2176,3.77344,-0.034
37.32,-0.29195,3.6931,-0.00343
37.34,-0.17768,3.68158,0.05191
37.36,-0.09905,3.64466,0.04101
37.38,-0.06845,3.6221,0.08887
37.4,-0.00668,3.57024,0.08563
37.42,-0.11246,3.44245,0.0903
37.44,-0.1594,3.50973,0.09341
37.46,-0.15976,3.36282,0.15073
37.48,-0.29668,3.36019,0.1612
37.5,-0.31749,3.35524,0.11408
37.52,-0.25377,3.22458,0.11178
37.54,-0.19963,3.18699,0.06893
37.56,-0.22452,3.06159,-0.09007
37.58,-0.21539,2.96032,-0.06738
37.6,-0.20076,2.83796,0.04873
37.62,-0.24381,2.78749,0.05446
37.64,-0.22033,2.69005,0.07022
37.66,-0.05606,2.62039,0.04408
37.68,0.14408,2.47613,0.0826
37.7,0.2224,2.34217,0.13201
37.72,0.24178,2.16108,0.14806
37.74,0.13386,1.99721,0.13154
37.76,0.06469,1.94042,0.18687
37.78,0.00752,1.78459,0.30843
37.8,-0.026,1.63478,0.35158
37.82,0.05303,1.45888,0.32629
37.84,0.16582,1.28008,0.30512
37.86,0.2193,1.06915,0.3061
37.88,0.2229,0.78394,0.39102
37.9,0.09863,0.64138,0.29269
37.92,0.05973,0.43713,0.28306
37.94,0.0779,0.42078,0.30131
37.96,0.14636,0.34343,0.29185
37.98,0.11272,0.03616,0.2899
38,0.06781,-0.04225,0.21869
38.02,-0.01241,-0.17451,0.07718
38.04,-0.1018,-0.26868,0.06455
38.06,-0.24512,-0.35945,0.02215
38.08,-0.34691,-0.32426,-0.00278
38.1,-0.53653,-0.39614,-0.07995
38.12,-0.69763,-0.33017,-0.11143
38.14,-0.81186,-0.31884,-0.17422
38.16,-0.92541,-0.36809,-0.27125
38.18,-0.97007,-0.44356,-0.34246
38.2,-1.01071,-0.30196,-0.4343
38.22,-0.98949,-0.33786,-0.51731
38.24,-0.95676,-0.28256,-0.46175
38.26,-0.95279,-0.17315,-0.52784
38.28,-0.90625,-0.06627,-0.56341
38.3,-0.95113,0.02539,-0.62398
38.32,-0.84715,0.21924,-0.59854
38.34,-0.79066,0.19021,-0.60569
38.36,-0.64466,0.34059,-0.66547
38.38,-0.54797,0.3371,-0.57364
38.4,-0.51266,0.51874,-0.59052
38.42,-0.37791,0.59476,-0.54198
38.44,-0.34737,0.83887,-0.48419
38.46,-0.34117,0.95096,-0.49104
38.48,-0.37381,1.03933,-0.48788
38.5,-0.39616,1.11357,-0.44642
38.52,-0.33023,1.13619,-0.42701
38.54,-0.24502,1.17685,-0.37492
38.56,-0.23816,1.37011,-0.43046
38.58,-0.19786,1.41554,-0.30784
38.6,-0.20395,1.5531,-0.29833
38.62,-0.19408,1.47687,-0.3121
38.64,-0.18846,1.60808,-0.28714
38.66,-0.19702,1.63006,-0.23089
38.68,-0.07859,1.67441,-0.16929
38.7,0.03215,1.68226,-0.18721
38.72,0.09218,1.67695,-0.23728
38.74,0.18361,1.7734,-0.17072
38.76,0.10298,1.81107,-0.18042
38.78,0.1669,1.82991,-0.14941
38.8,0.20148,1.78839,-0.12134
38.82,0.25161,1.86354,-0.18496
38.84,0.32067,1.93985,-0.02856
38.86,0.25129,1.96794,-0.09602
38.88,0.30849,1.9773,-0.1177
38.9,0.2145,1.957,-0.16575
38.92,0.19473,2.1229,-0.11854
38.94,0.17708,2.18494,-0.05301
38.96,0.04059,2.16002,-0.19236
38.98,0.17061,2.18832,-0.18022
39,0.19323,2.07542,-0.15353
39.02,0.21101,2.35701,-0.13779
39.04,0.17206,2.22826,-0.09586
39.06,0.09078,2.36554,-0.2062
39.08,0.21158,2.2436,-0.11084
39.1,0.20802,2.32523,-0.15497
39.12,0.27514,2.37551,-0.12595
39.14,0.24302,2.25347,-0.15589
39.16,0.19247,2.28338,-0.10159
39.18,0.2968,2.329,0.02055
39.2,0.17823,2.43911,-0.06158
39.22,0.13737,2.51887,-0.01692
39.24,-0.08898,2.4704,-0.02555
39.26,-0.00126,2.49017,0.03975
39.28,-0.01856,2.61114,0.03111
39.3,-0.06778,2.56967,0.00151
39.32,-0.07791,2.66146,-0.04265
39.34,-0.04792,2.62675,0.02657
39.36,-0.04665,2.70105,0.01693
39.38,0.01572,2.71086,-0.02661
39.4,-0.0709,2.69439,-0.07018
39.42,-0.07826,2.70712,-0.02758
39.44,-0.11177,2.73787,-0.01202
39.46,-0.00357,2.71032,-0.09505
39.48,-0.05313,2.80934,-0.12473
39.5,-0.05117,2.65276,-0.14116
39.52,-0.03778,2.79516,-0.12126
39.54,-0.0575,2.59532,0.01832
39.56,-0.12548,2.85644,-0.07982
39.58,-0.05078,2.72136,0.09805
39.6,-0.14454,2.85219,0.07125
39.62,0.01087,2.85072,0.14379
39.64,0.00186,2.80441,0.16027
39.66,0.06667,2.90384,0.14073
39.68,0.13557,2.66775,0.10532
39.7,0.06557,2.74511,0.05846
39.72,0.17581,2.69317,0.19002
39.74,0.09407,2.76527,0.18568
39.76,0.08155,2.78417,0.14525
39.78,0.03248,2.66344,0.08314
39.8,-0.05243,2.75969,0.00852
39.82,0.03835,2.62607,-0.00015
39.84,-0.02882,2.6947,-0.07794
39.86,0.03536,2.62381,-0.08914
39.88,0.07743,2.58574,-0.10037
39.9,0.05848,2.66979,0.04642
39.92,0.1107,2.60957,0.0984
39.94,0.06357,2.65976,0.02359
39.96,0.10983,2.52877,-0.05716
39.98,0.17652,2.55247,-0.01453
40,0.27347,2.5475,0.08519
40.02,0.30317,2.51834,0.10604
40.04,0.30205,2.54706,0.12299
40.06,0.29612,2.42489,0.17713
40.08,0.29063,2.46463,0.19208
40.1,0.28889,2.41947,0.16341
40.12,0.29817,2.4344,0.19022
40.14,0.27569,2.37944,0.10846
40.16,0.31413,2.41139,0.18511
40.18,0.3354,2.35766,0.18604
40.2,0.28141,2.37161,0.17339
40.22,0.33458,2.29845,0.19966
40.24,0.33771,2.27653,0.07701
40.26,0.39466,2.21316,0.14699
40.28,0.42677,2.2529,0.08969
40.3,0.4462,2.20363,0.1273
40.32,0.40831,2.18842,0.12645
40.34,0.40232,2.12161,0.04953
40.36,0.45408,2.14015,0.10698
40.38,0.40225,2.04702,0.07937
40.4,0.36845,2.17474,0.17127
40.42,0.37964,2.10345,0.12515
40.44,0.28297,2.07557,0.0687
40.46,0.30593,2.12086,0.11138
40.48,0.25347,2.09593,0.08919
40.5,0.27675,2.09538,0.10877
40.52,0.27058,2.06233,0.07067
40.54,0.24169,2.03182,0.10946
40.56,0.25313,2.11776,0.08279
40.58,0.21878,2.07839,0.08759
40.6,0.23775,2.06818,0.06558
40.62,0.23292,2.03594,0.05712
40.64,0.21881,2.03393,0.12158
40.66,0.22261,2.06705,0.10419
40.68,0.22511,2.03397,0.13441
40.7,0.23829,2.01106,0.09186
40.72,0.22141,2.03749,0.13313
40.74,0.20217,2.01446,0.13702
40.76,0.18674,2.03198,0.10949
40.78,0.13751,1.96473,0.12032
40.8,0.09569,1.99913,0.08556
40.82,0.11051,1.99748,0.11422
40.84,0.14459,2.00885,0.04843
40.86,0.22516,1.94071,-0.01766
40.88,0.22359,1.88413,-0.0232
40.9,0.19399,1.86734,-0.06139
40.92,0.15943,1.88223,-0.02834
40.94,0.07511,1.85815,-0.06457
40.96,0.02559,1.92487,-0.0354
40.98,0.04739,1.89522,-0.06001
41,0.07213,1.94455,-0.07491
41.02,0.11133,1.89939,-0.01946
41.04,0.12316,1.93181,-0.08919
41.06,0.13707,1.81625,-0.04665
41.08,0.09885,1.88119,-0.08415
41.1,0.09951,1.89803,-0.0335
41.12,0.08274,1.91276,-0.00835
41.14,0.07318,1.91896,-0.04063
41.16,0.09068,1.88925,-0.03455
41.18,0.1352,1.87588,-0.08557
41.2,0.17718,1.86064,-0.0582
41.22,0.16823,1.84489,-0.09774
41.24,0.24355,1.77866,-0.09543
41.26,0.17889,1.78651,-0.08011
41.28,0.14566,1.84845,-0.07853
41.3,0.07077,1.83872,-0.02746
41.32,0.02565,1.83719,-0.0618
41.34,0.03034,1.83476,-0.06165
41.36,0.01738,1.83004,-0.05208
41.38,0.08909,1.83345,-0.07673
41.4,0.06299,1.74829,-0.03315
41.42,0.01963,1.80402,0.01158
41.44,0.02482,1.77875,0.04914
41.46,-0.10797,1.87637,0.00236
41.48,-0.09028,1.8352,0.03428
41.5,-0.08122,1.81959,0.02032
41.52,-0.01565,1.83512,0.01289
41.54,0.03523,1.79318,0.05006
41.56,0.03542,1.76492,0.02978
41.58,0.00712,1.71815,0.0111
41.6,-0.12593,1.75075,0.05968
41.62,-0.09747,1.82851,0.06503
41.64,-0.13017,1.79964,0.04075
41.66,-0.13085,1.76929,0.06465
41.68,-0.12345,1.7837,0.08354
41.7,-0.0656,1.71436,0.02942
41.72,-0.08398,1.75364,-0.00936
41.74,-0.09379,1.68007,-0.03284
41.76,-0.10553,1.74634,-0.04338
41.78,-0.1216,1.70026,-0.0343
41.8,-0.14898,1.80763,-0.01884
41.82,-0.03729,1.74966,-0.04828
41.84,-0.1572,1.76313,-0.10943
41.86,-0.08915,1.71464,-0.10181
41.88,-0.09756,1.75,-0.13073
41.9,-0.03213,1.73137,-0.14157
41.92,-0.09034,1.73875,-0.12212
41.94,-0.07129,1.76914,-0.04874
41.96,-0.08008,1.76977,-0.04413
41.98,-0.11555,1.77939,-0.05629
42,-0.10231,1.85511,-0.04038
42.02,-0.02471,1.76101,-0.05374
42.04,-0.06779,1.79827,-0.04273
42.06,0.10668,1.7629,0.00144
42.08,0.03611,1.85099,-0.00302
42.1,0.0435,1.83481,0.02199
42.12,0.06087,1.84339,0.00721
42.14,0.10293,1.86891,0.04096
42.16,0.15224,1.8566,0.04412
42.18,0.16893,1.84324,0.0804
42.2,0.16682,1.82718,0.07806
42.22,0.1341,1.83343,0.09462
42.24,0.10031,1.87342,0.13982
42.26,0.11786,1.86553,0.12668
42.28,0.07829,1.88985,0.17918
42.3,0.14279,1.80547,0.1351
42.32,0.23096,1.84778,0.11059
42.34,0.18552,1.75148,0.09648
42.36,0.21611,1.79674,0.13321
42.38,0.19333,1.76327,0.14437
42.4,0.19073,1.7634,0.12791
42.42,0.21688,1.7871,0.12316
42.44,0.25488,1.74086,0.16072
42.46,0.30217,1.78409,0.07791
42.48,0.36491,1.73478,0.10824
42.5,0.37563,1.75015,0.06855
42.52,0.43584,1.75208,0.11315
42.54,0.36182,1.70872,0.1388
42.56,0.39512,1.71055,0.17911
42.58,0.32914,1.70709,0.17386
42.6,0.30769,1.70322,0.18603
42.62,0.25074,1.74256,0.19003
42.64,0.26161,1.73167,0.24537
42.66,0.23228,1.72283,0.17071
42.68,0.28824,1.61186,0.25706
42.7,0.31444,1.65721,0.26873
42.72,0.28608,1.52332,0.23271
42.74,0.22112,1.48657,0.22989
42.76,0.18314,1.46157,0.19143
42.78,0.1189,1.46841,0.21921
42.8,0.12177,1.44846,0.19471
42.82,0.0773,1.37769,0.15469
42.84,0.11879,1.26542,0.10182
42.86,0.11565,1.17477,0.00459
42.88,0.11656,1.09647,-0.01738
42.9,0.07747,1.13414,-0.01791
42.92,0.00373,1.02396,-0.06345
42.94,-0.03976,1.09573,-0.06377
42.96,-0.08083,1.05303,-0.05673
42.98,-0.07732,1.02735,-0.08558
43,-0.06198,1.00035,-0.15375
43.02,-0.06803,0.90942,-0.21744
43.04,-0.03598,0.91992,-0.21326
43.06,-0.03104,0.94881,-0.18233
43.08,0.00211,0.95193,-0.1308
43.1,0.074,0.95958,-0.10355
43.12,0.07166,0.87494,-0.1726
43.14,0.09074,0.85124,-0.20146
43.16,0.14664,0.80696,-0.21681
43.18,0.16829,0.80931,-0.27092
43.2,0.18255,0.85089,-0.22536
43.22,0.17485,0.83327,-0.20198
43.24,0.19006,0.90107,-0.22035
43.26,0.19679,0.84942,-0.22769
43.28,0.21829,0.90971,-0.20312
43.3,0.24535,0.80859,-0.19319
43.32,0.23947,0.90781,-0.19739
43.34,0.23863,0.8524,-0.20188
43.36,0.18216,1.01744,-0.16084
43.38,0.18963,0.94073,-0.1531
43.4,0.23662,1.08647,-0.12001
43.42,0.26209,0.98071,-0.08698
43.44,0.30052,1.09652,-0.13558
43.46,0.3638,1.01267,-0.05714
43.48,0.33536,1.07512,-0.15314
43.5,0.3754,0.99077,-0.07545
43.52,0.31484,1.17083,-0.11806
43.54,0.3629,1.08294,-0.10081
43.56,0.33254,1.19355,-0.16169
43.58,0.36161,1.10261,-0.12502
43.6,0.33421,1.20471,-0.14915
43.62,0.31505,1.15311,-0.1043
43.64,0.31375,1.27033,-0.17278
43.66,0.34936,1.22657,-0.0988
43.68,0.29717,1.2968,-0.11061
43.7,0.39624,1.30779,-0.01451
43.72,0.39063,1.36338,-0.08834
43.74,0.43069,1.32137,-0.10478
43.76,0.38696,1.29844,-0.12216
43.78,0.37213,1.35383,-0.07135
43.8,0.39712,1.35729,-0.07112
43.82,0.40255,1.40669,0.03421
43.84,0.42164,1.4166,-0.01635
43.86,0.39846,1.36806,0.04946
43.88,0.35762,1.40823,-0.00717
43.9,0.37045,1.44814,-0.00416
43.92,0.28612,1.43243,-0.0091
43.94,0.24564,1.50307,-0.00416
43.96,0.19723,1.53584,0.0555
43.98,0.15433,1.5843,0.06947
44,0.13018,1.64482,0.08445
44.02,0.06376,1.62194,0.06982
44.04,-0.01966,1.69079,-0.02678
44.06,-0.04532,1.70434,0.07795
44.08,-0.11758,1.69264,-0.00033
44.1,-0.07658,1.69417,0.05838
44.12,-0.09501,1.70644,0.01549
44.14,-0.10302,1.70373,0.04982
44.16,-0.0679,1.72371,-0.00309
44.18,-0.03407,1.64794,-0.00781
44.2,-0.03453,1.73242,-0.05675
44.22,0.01336,1.63498,-0.00844
44.24,0.03969,1.64609,-0.02975
44.26,0.12981,1.60686,0.00822
44.28,0.12131,1.59888,0.01575
44.3,0.15705,1.76676,0.07038
44.32,0.07779,1.70505,0.08525
44.34,0.00934,1.7756,0.11157
44.36,0.04604,1.79835,0.07457
44.38,-0.04097,1.7568,0.10774
44.4,-0.06508,1.80679,0.12205
44.42,-0.03204,1.75708,0.18373
44.44,-0.0434,1.75934,0.18761
44.46,0.00372,1.81851,0.1781
44.48,-0.01512,1.72128,0.18749
44.5,-0.04277,1.72814,0.09232
44.52,-0.01358,1.59568,0.11862
44.54,-0.00088,1.63238,0.0942
44.56,0.05529,1.50862,0.11419
44.58,0.04161,1.52656,0.15458
44.6,0.08027,1.46118,0.16679
44.62,0.11259,1.44259,0.17063
44.64,0.12027,1.39345,0.15367
44.66,0.14433,1.37554,0.14305
44.68,0.11645,1.31344,0.16183
44.7,0.12722,1.34268,0.20012
44.72,0.13984,1.23223,0.20432
44.74,0.12939,1.26782,0.17213
44.76,0.1135,1.17458,0.2044
44.78,0.12174,1.21483,0.18742
44.8,0.13406,1.10017,0.17998
44.82,0.17379,1.15725,0.18008
44.84,0.16585,1.0256,0.18945
44.86,0.1761,1.00158,0.19671
44.88,0.13796,0.90301,0.22151
44.9,0.11102,0.87731,0.21118
44.92,0.13119,0.81474,0.17223
44.94,0.15102,0.78684,0.18542
44.96,0.20257,0.704,0.18516
44.98,0.28712,0.67425,0.1774
45,0.25539,0.52884,0.14731
45.02,0.25256,0.54595,0.07184
45.04,0.17578,0.38211,0.07303
45.06,0.11759,0.46988,0.00887
45.08,0.06436,0.36711,0.00974
45.1,0.06236,0.42889,-0.06572
45.12,0.11504,0.36065,-0.0447
45.14,0.09292,0.31347,-0.13186
45.16,0.09851,0.34179,-0.1399
45.18,0.08247,0.27996,-0.16697
45.2,0.10555,0.3216,-0.21668
45.22,0.12678,0.28486,-0.23696
45.24,0.09459,0.27715,-0.19858
45.26,0.13895,0.32679,-0.24918
45.28,0.1704,0.2962,-0.27978
45.3,0.17946,0.37792,-0.29236
45.32,0.19966,0.35882,-0.29777
45.34,0.15,0.44574,-0.36152
45.36,0.14822,0.47838,-0.29935
45.38,0.11188,0.51175,-0.33191
45.4,0.16133,0.58297,-0.30192
45.42,0.04163,0.57104,-0.33665
45.44,0.12361,0.65634,-0.26633
45.46,0.13868,0.65684,-0.34181
45.48,0.15382,0.72455,-0.24988
45.5,0.17777,0.75367,-0.29816
45.52,0.25537,0.7661,-0.27502
45.54,0.25732,0.79823,-0.29165
45.56,0.31368,0.86081,-0.25697
45.58,0.3451,0.83192,-0.27159
45.6,0.38439,0.91342,-0.2482
45.62,0.29781,0.85448,-0.30597
45.64,0.35996,0.9217,-0.26115
45.66,0.20143,0.94115,-0.30508
45.68,0.1864,1.06895,-0.2009
45.7,0.09104,1.05956,-0.2706
45.72,0.1118,1.15978,-0.13361
45.74,0.05125,1.14129,-0.17264
45.76,0.09928,1.21527,-0.09466
45.78,0.20218,1.16236,-0.08224
45.8,0.17182,1.26144,-0.07711
45.82,0.19914,1.13508,-0.07564
45.84,0.22625,1.25097,-0.00174
45.86,0.1975,1.21883,0.01501
45.88,0.25601,1.32492,0.04049
45.9,0.24748,1.28083,0.02513
45.92,0.33666,1.32262,0.02867
45.94,0.30513,1.26025,-0.02527
45.96,0.38407,1.37949,0.00939
45.98,0.37365,1.36268,-0.03446
46,0.28822,1.33051,-0.03054
46.02,0.26424,1.3939,-0.00651
46.04,0.21689,1.43462,-0.04598
46.06,0.18145,1.49953,-0.02913
46.08,0.18056,1.59529,-0.06758
46.1,0.22324,1.5419,-0.09244
46.12,0.26851,1.59215,-0.11628
46.14,0.33452,1.66559,-0.07294
46.16,0.44318,1.64259,-0.05496
46.18,0.41996,1.6271,-0.10943
46.2,0.40161,1.586,-0.12366
46.22,0.29409,1.73218,-0.12661
46.24,0.26881,1.74368,-0.09552
46.26,0.23162,1.88933,-0.04566
46.28,0.28002,1.85475,-0.07688
46.3,0.30254,1.87872,-0.07439
46.32,0.37473,1.93685,-0.02004
46.34,0.3949,2.00258,-0.00366
46.36,0.38177,1.95901,-0.00211
46.38,0.27293,2.09276,0.00758
46.4,0.23012,2.1496,0.0752
46.42,0.14442,2.32832,0.13316
46.44,0.23539,2.31629,0.09734
46.46,0.23511,2.40969,0.02937
46.48,0.29869,2.36401,0.00282
46.5,0.30655,2.45484,0.02802
46.52,0.34753,2.53302,0.03289
46.54,0.29919,2.50007,0.02063
46.56,0.27958,2.56684,0.05856
46.58,0.24322,2.60704,0.05972
46.6,0.19912,2.68695,0.09424
46.62,0.13914,2.75154,0.11528
46.64,0.17691,2.72664,0.05947
46.66,0.09967,2.77409,0.069
46.68,0.2162,2.71766,0.10649
46.7,0.23338,2.83389,0.05214
46.72,0.24569,2.74655,0.00333
46.74,0.22789,2.74221,-0.00817
46.76,0.17526,2.8616,0.00478
46.78,0.157,2.80092,0.03516
46.8,0.0444,2.93154,0.03655
46.82,0.05577,2.86485,0.05043
46.84,0.07036,2.93576,-0.00106
46.86,0.09669,2.93271,0.13116
46.88,0.17476,3.013,0.12252
46.9,0.10286,3.03654,0.15835
46.92,0.02072,3.01563,0.20243
46.94,-0.04639,3.12874,0.26258
46.96,-0.13697,3.12087,0.32255
46.98,-0.11703,3.23233,0.35523
47,-0.12142,3.19738,0.30773
47.02,-0.01624,3.16693,0.25646
47.04,-0.02145,3.19784,0.20152
47.06,0.00315,3.1902,0.28184
47.08,0.02966,3.24881,0.17024
47.1,0.01006,3.09553,0.1928
47.12,-0.02647,3.15864,0.15998
47.14,-0.03542,3.16306,0.29444
47.16,-0.08549,3.22495,0.24413
47.18,0.01172,3.17664,0.26688
47.2,-0.00661,3.15549,0.18493
47.22,0.03762,3.19646,0.28935
47.24,-0.15762,3.22407,0.31599
47.26,-0.11101,3.28545,0.42671
47.28,-0.12236,3.20702,0.35046
47.3,-0.11831,3.22633,0.38501
47.32,-0.13342,3.23703,0.4162
47.34,-0.08342,3.29344,0.43818
47.36,0.00666,3.21276,0.39909
47.38,0.12493,3.22514,0.38318
47.4,0.09608,3.18787,0.41181
47.42,0.08428,3.1846,0.42521
47.44,-0.00056,3.19462,0.36328
47.46,0.06424,3.10138,0.34084
47.48,0.08771,3.04941,0.3226
47.5,0.05992,3.06573,0.33288
47.52,0.07957,2.98844,0.35954
47.54,0.10369,3.0327,0.36538
47.56,0.17526,2.94628,0.33929
47.58,0.18734,2.90523,0.37497
47.6,0.05092,2.85274,0.43632
47.62,0.01589,2.92866,0.39534
47.64,-0.10732,2.82102,0.41878
47.66,-0.04275,2.81292,0.39711
47.68,0.02624,2.75205,0.3999
47.7,0.01235,2.71867,0.29084
47.72,0.1081,2.60747,0.31114
47.74,0.08329,2.61297,0.28319
47.76,0.15124,2.52106,0.31325
47.78,0.07334,2.4339,0.29972
47.8,0.00834,2.44736,0.20355
47.82,0.08884,2.28898,0.14674
47.84,0.0569,2.22679,0.11662
47.86,0.18996,2.15738,0.11723
47.88,0.15052,2.08525,0.06441
47.9,0.22153,2.05543,0.09211
47.92,0.20721,1.95832,0.08889
47.94,0.16825,1.9459,0.05177
47.96,0.16791,1.82833,0.05366
47.98,0.07555,1.84973,0.02417
48,0.0596,1.76731,0.01658
48.02,0.01301,1.7212,0.0062
48.04,-0.00298,1.71296,0.08023
48.06,0.05546,1.68325,0.08245
48.08,0.07728,1.56653,0.05192
48.1,0.134,1.52226,0.04525
48.12,0.11549,1.51815,0.04769
48.14,0.14594,1.44902,0.08823
48.16,0.13799,1.36677,0.11158
48.18,0.06413,1.26094,0.08197
48.2,-0.00165,1.23541,0.09163
48.22,-0.00647,1.2475,0.11334
48.24,-0.01661,1.23869,0.10959
48.26,-0.00803,1.15666,0.06723
48.28,-0.00085,1.04558,0.07511
48.3,0.02323,1.06309,0.10775
48.32,-0.02544,0.99961,0.07853
48.34,-0.07155,0.89367,0.04603
48.36,-0.12993,0.86919,0.03039
48.38,-0.14062,0.86857,0.04334
48.4,-0.13853,0.89616,0.02034
48.42,-0.11413,0.82945,-0.03061
48.44,-0.13382,0.74434,-0.02896
48.46,-0.05338,0.67654,-0.03529
48.48,-0.0167,0.65763,-0.04677
48.5,-0.06832,0.65995,-0.09714
48.52,-0.16789,0.5954,-0.12299
48.54,-0.18142,0.56328,-0.09244
48.56,-0.19607,0.59737,-0.08936
48.58,-0.21486,0.58191,-0.09035
48.6,-0.25289,0.56582,-0.14714
48.62,-0.21204,0.4708,-0.11302
48.64,-0.22001,0.48196,-0.1029
48.66,-0.16398,0.4096,-0.17848
48.68,-0.23545,0.39666,-0.13389
48.7,-0.25042,0.37451,-0.1563
48.72,-0.20176,0.34765,-0.13124
48.74,-0.1809,0.36743,-0.12871
48.76,-0.16031,0.35808,-0.13029
48.78,-0.16556,0.32217,-0.12898
48.8,-0.14385,0.25846,-0.1555
48.82,-0.11408,0.21011,-0.18078
48.84,-0.16316,0.23719,-0.2025
48.86,-0.1577,0.21048,-0.19221
48.88,-0.15923,0.30586,-0.10015
48.9,-0.12335,0.25537,-0.14053
48.92,-0.09137,0.27983,-0.17685
48.94,-0.10299,0.26892,-0.20956
48.96,-0.04684,0.2705,-0.22926
48.98,0.04476,0.29536,-0.24861
49,0.16624,0.23461,-0.26491
49.02,0.19554,0.26652,-0.31256
49.04,0.21215,0.26104,-0.30365
49.06,0.27133,0.29462,-0.30515
49.08,0.353,0.32208,-0.34279
49.1,0.37236,0.33698,-0.40051
49.12,0.47728,0.36845,-0.44098
49.14,0.49385,0.38162,-0.42879
49.16,0.51675,0.43961,-0.41898
49.18,0.54216,0.48805,-0.41681
49.2,0.51882,0.54185,-0.39576
49.22,0.47982,0.63016,-0.42703
49.24,0.53016,0.74229,-0.36676
49.26,0.558,0.85645,-0.35739
49.28,0.61847,0.95358,-0.35757
49.3,0.63929,1.05316,-0.32418
49.32,0.65741,1.12255,-0.31903
49.34,0.63026,1.23955,-0.31537
49.36,0.59959,1.28611,-0.29457
49.38,0.62613,1.42368,-0.29694
49.4,0.70533,1.47464,-0.23945
49.42,0.65779,1.57365,-0.20925
49.44,0.64943,1.68661,-0.1386
49.46,0.58457,1.76827,-0.12598
49.48,0.52682,1.91447,-0.09222
49.5,0.49336,2.00309,-0.03494
49.52,0.41864,2.04842,-0.02931
49.54,0.42043,2.12897,0.0557
49.56,0.41711,2.19613,0.13668
49.58,0.45875,2.32216,0.17688
49.6,0.46123,2.31623,0.27166
49.62,0.37838,2.42622,0.2806
49.64,0.36126,2.42944,0.29876
49.66,0.33651,2.51879,0.30254
49.68,0.34153,2.55438,0.33122
49.7,0.37946,2.51751,0.39414
49.72,0.37445,2.52766,0.3965
49.74,0.41626,2.50501,0.44179
49.76,0.41653,2.48939,0.41036
49.78,0.41806,2.46601,0.37858
49.8,0.40949,2.38346,0.43829
49.82,0.38791,2.41616,0.43343
49.84,0.34141,2.31545,0.4411
49.86,0.31231,2.28802,0.41237
49.88,0.29777,2.18931,0.43406
49.9,0.2786,2.09311,0.42147
49.92,0.2918,2.05775,0.39681
49.94,0.25968,1.94044,0.39166
49.96,0.2651,1.87601,0.35644
49.98,0.25432,1.77955,0.37118
50,0.20375,1.69264,0.3608
50.02,0.19315,1.65027,0.31713
50.04,0.18524,1.48018,0.26996
50.06,0.17657,1.4393,0.2154
50.08,0.23319,1.3345,0.26173
50.1,0.22319,1.29651,0.21769
50.12,0.24252,1.24944,0.23316
50.14,0.19757,1.16485,0.21126
50.16,0.24605,1.14544,0.18626
50.18,0.26731,1.06944,0.17535
50.2,0.28044,1.0524,0.141
50.22,0.28467,0.97596,0.15729
50.24,0.28228,0.96302,0.12695
50.26,0.25879,0.93603,0.11525
50.28,0.28978,0.89005,0.14558
50.3,0.2628,0.88315,0.06419
50.32,0.26033,0.81137,0.08208
50.34,0.26317,0.78276,0.04024
50.36,0.33097,0.75759,0.02233
50.38,0.28965,0.67824,0.01771
50.4,0.28035,0.69933,0.02043
50.42,0.23366,0.64133,-0.00441
50.44,0.2685,0.65112,-0.04331
50.46,0.27594,0.58611,-0.06318
50.48,0.28977,0.5735,-0.09975
50.5,0.26672,0.53667,-0.14304
50.52,0.25612,0.51974,-0.11895
50.54,0.27315,0.55027,-0.14286
50.56,0.26675,0.51631,-0.14753
50.58,0.27414,0.52572,-0.15789
50.6,0.30065,0.52051,-0.1557
50.62,0.28869,0.54474,-0.22354
50.64,0.30051,0.50781,-0.21672
50.66,0.27002,0.5955,-0.21022
50.68,0.2516,0.58671,-0.156
50.7,0.23748,0.62904,-0.14065
50.72,0.23995,0.6258,-0.10105
50.74,0.22584,0.64797,-0.13528
50.76,0.21202,0.66607,-0.15355
50.78,0.2084,0.68967,-0.17179
50.8,0.18333,0.73406,-0.15357
50.82,0.24923,0.75016,-0.15277
50.84,0.24838,0.7132,-0.14078
50.86,0.19972,0.73413,-0.15236
50.88,0.16861,0.68478,-0.16414
50.9,0.08588,0.7246,-0.20753
50.92,0.0533,0.7658,-0.20335
50.94,0.00659,0.85153,-0.23194
50.96,0.04623,0.8579,-0.24166
50.98,0.08042,0.85934,-0.19738
51,0.10094,0.87701,-0.16879
51.02,0.08283,0.87607,-0.16532
51.04,0.01836,0.92583,-0.17139
51.06,-0.02092,0.96124,-0.12048
51.08,-0.02117,1.00334,-0.13199
51.1,-0.02569,1.04369,-0.07914
51.12,0.03854,1.04791,-0.07378
51.14,0.02765,1.06124,-0.0806
51.16,0.09518,1.05975,-0.07669
51.18,0.08407,1.08528,-0.04336
51.2,0.06825,1.0473,-0.06293
51.22,0.05081,1.09045,-0.04567
51.24,0.05776,1.03128,-0.05378
51.26,0.00856,1.07066,-0.06637
51.28,0.01981,1.06713,-0.06564
51.3,0.01112,1.09902,-0.02402
51.32,0.00383,1.12486,-0.05105
51.34,-0.03287,1.10331,-0.03177
51.36,-0.02458,1.13434,-0.03441
51.38,-0.06768,1.08758,-0.0594
51.4,-0.11093,1.11345,-0.06778
51.42,-0.07072,1.10002,-0.08072
51.44,-0.10967,1.11118,-0.10736
51.46,-0.0711,1.13879,-0.07543
51.48,-0.10778,1.12516,-0.10688
51.5,-0.14489,1.12458,-0.08242
51.52,-0.14305,1.1103,-0.11704
51.54,-0.19701,1.09079,-0.12006
51.56,-0.13848,1.17808,-0.1228
51.58,-0.12723,1.11592,-0.09077
51.6,-0.10899,1.19159,-0.0378
51.62,-0.05734,1.13803,-0.00222
51.64,-0.10084,1.16997,0.01997
51.66,-0.0696,1.16704,0.02187
51.68,-0.09903,1.18869,0.00325
51.7,-0.06746,1.16663,0.04892
51.72,-0.01125,1.19733,0.02973
51.74,-0.01018,1.19033,0.04833
51.76,0.02229,1.18051,0.04521
51.78,0.01114,1.15522,0.01975
51.8,-0.00587,1.14686,0.00804
51.82,-0.00145,1.13458,-0.00616
51.84,-0.01218,1.13838,-0.03374
51.86,-0.01936,1.19392,-0.02965
51.88,-0.02109,1.16063,-0.01733
51.9,-0.03525,1.16333,-0.02587
51.92,-0.0283,1.16929,-0.03284
51.94,-0.06358,1.18464,-0.04842
51.96,-0.0502,1.18716,-0.047
51.98,-0.01356,1.21219,-0.05893
52,-0.01751,1.1993,-0.06016
52.02,0.01966,1.25187,-0.02821
52.04,0.01698,1.22183,-0.00785
52.06,0.03807,1.25972,-0.03007
52.08,0.04809,1.21869,-0.04307
52.1,0.04947,1.27588,-0.04961
52.12,0.03647,1.28969,-0.03029
52.14,0.05382,1.29172,-0.0491
52.16,0.07419,1.29155,-0.07421
52.18,0.06382,1.31428,-0.049
52.2,0.05613,1.33627,-0.04623
52.22,0.083,1.33096,-0.02712
52.24,0.09005,1.3345,-0.06109
52.26,0.13636,1.34245,-0.09679
52.28,0.15102,1.38745,-0.08444
52.3,0.14167,1.37863,-0.0597
52.32,0.18072,1.40227,-0.08302
52.34,0.16387,1.32639,-0.0967
52.36,0.18037,1.41386,-0.11359
52.38,0.1322,1.42633,-0.07446
52.4,0.11352,1.46295,-0.09906
52.42,0.12389,1.48401,-0.04459
52.44,0.10376,1.57505,-0.0718
52.46,0.14266,1.57567,-0.02849
52.48,0.16485,1.59688,-0.04304
52.5,0.22986,1.55147,-0.01604
52.52,0.20265,1.55957,-0.08284
52.54,0.18533,1.58457,-0.03664
52.56,0.19441,1.6278,-0.098
52.58,0.05931,1.7144,-0.0494
52.6,0.09663,1.7292,-0.0087
52.62,0.11486,1.80168,0.02445
52.64,0.16194,1.72498,-0.04674
52.66,0.16401,1.77965,-0.06125
52.68,0.12617,1.75478,-0.0868
52.7,0.08549,1.83087,-0.03261
52.72,0.01454,1.86251,0.00988
52.74,0.09544,1.95609,0.04154
52.76,0.06433,1.9101,0.02134
52.78,0.04808,1.9927,0.0578
52.8,0.17049,1.93522,0.03356
52.82,0.13011,1.98568,0.01988
52.84,0.19787,1.98904,0.03104
52.86,0.24581,2.05458,0.08455
52.88,0.20956,1.94782,0.1047
52.9,0.23401,2.03008,0.11673
52.92,0.20192,2.05131,0.12087
52.94,0.16769,2.14051,0.14613
52.96,0.11317,2.12788,0.17586
52.98,0.15082,2.20714,0.17887
53,0.20531,2.20407,0.2318
53.02,0.22161,2.2189,0.22196
53.04,0.22671,2.19878,0.22488
53.06,0.22431,2.17066,0.19263
53.08,0.12478,2.23271,0.1751
53.1,0.24913,2.24114,0.22421
53.12,0.25424,2.21699,0.18796
53.14,0.26747,2.17065,0.23075
53.16,0.30162,2.12716,0.25343
53.18,0.35358,2.1564,0.22182
53.2,0.27271,2.09128,0.23851
53.22,0.2478,2.13486,0.23021
53.24,0.21345,2.0706,0.31387
53.26,0.25859,2.058,0.31478
53.28,0.24327,2.03005,0.32118
53.3,0.22887,1.91626,0.34238
53.32,0.12073,1.9436,0.32897
53.34,0.09071,1.90372,0.39841
53.36,0.07454,1.86997,0.282
53.38,0.08909,1.79181,0.21176
53.4,0.0212,1.6908,0.24924
53.42,0.05878,1.63554,0.21856
53.44,0.05007,1.54683,0.23005
53.46,-0.02178,1.50957,0.16273
53.48,-0.02951,1.49332,0.18165
53.5,-0.11999,1.4215,0.16483
53.52,-0.09331,1.39699,0.15917
53.54,-0.09402,1.32668,0.08536
53.56,-0.08502,1.26913,-0.00814
53.58,-0.0703,1.19205,0.04718
53.6,-0.15276,1.21899,0.01374
53.62,-0.13714,1.19054,0.03956
53.64,-0.17456,1.19114,0.02773
53.66,-0.17532,1.19819,0.03312
53.68,-0.14314,1.12878,-0.004
53.7,-0.1544,1.10934,-0.06876
53.72,-0.10274,1.07307,-0.07339
53.74,-0.09131,1.10428,-0.09427
53.76,-0.05122,1.08104,-0.01244
53.78,-0.12228,1.14431,-0.01136
53.8,-0.10679,1.13779,-0.03267
53.82,-0.11599,1.10004,-0.04694
53.84,-0.11514,1.12533,-0.06583
53.86,-0.09179,1.15174,-0.06914
53.88,-0.09473,1.12592,-0.11963
53.9,0.01487,1.18006,-0.09196
53.92,0.0447,1.13318,-0.08252
53.94,0.08588,1.18853,-0.09032
53.96,0.12169,1.18226,-0.08006
53.98,0.14549,1.17744,-0.09438
54,0.21034,1.17511,0.01554
54.02,0.2245,1.21745,-0.02529
54.04,0.2946,1.16962,0.02317
54.06,0.32237,1.20822,0.04267
54.08,0.43242,1.17147,0.06457
54.1,0.41759,1.16033,0.10515
54.12,0.35338,1.19225,0.14371
54.14,0.31415,1.15212,0.15673
54.16,0.20479,1.15633,0.1487
54.18,0.15825,1.18253,0.14856
54.2,0.07017,1.20301,0.16047
54.22,0.0806,1.15148,0.12398
54.24,0.01366,1.14093,0.16692
54.26,-0.0767,1.16176,0.13287
54.28,-0.08635,1.12411,0.08475
54.3,-0.1637,1.10508,0.11421
54.32,-0.11265,1.0528,0.06706
54.34,-0.09884,1.03069,0.05073
54.36,-0.11181,1.00216,0.02349
54.38,-0.0198,1.01907,0.06189
54.4,-0.00628,0.89981,0.02876
54.42,0.00222,0.901,-0.02249
54.44,0.00797,0.88875,-0.04735
54.46,0.01281,0.82932,-0.09972
54.48,0.04832,0.84328,-0.09548
54.5,0.05719,0.79994,-0.09566
54.52,0.08685,0.80938,-0.16646
54.54,0.09597,0.82768,-0.16195
54.56,0.08078,0.76209,-0.17457
54.58,0.09379,0.76517,-0.17152
54.6,0.0793,0.73873,-0.20204
54.62,0.04142,0.73293,-0.21575
54.64,0.08292,0.80726,-0.24586
54.66,0.02417,0.8093,-0.26115
54.68,0.05135,0.92369,-0.2741
54.7,0.07444,0.89021,-0.20798
54.72,0.03008,0.92456,-0.25851
54.74,0.03228,0.94922,-0.24002
54.76,-0.0583,1.00908,-0.27559
54.78,-0.04753,1.15173,-0.30451
54.8,-0.0383,1.19876,-0.25755
54.82,0.00741,1.33272,-0.25835
54.84,0.00168,1.37339,-0.30909
54.86,-0.00997,1.35704,-0.2636
54.88,-0.07992,1.46692,-0.26772
54.9,-0.08324,1.48636,-0.25905
54.92,-0.06868,1.68763,-0.25714
54.94,-0.09466,1.77432,-0.25368
54.96,-0.03217,1.83553,-0.20576
54.98,0.11115,1.95948,-0.16483
55,0.14347,1.86921,-0.101
55.02,0.19745,1.9609,-0.19832
55.04,0.16226,1.92376,-0.1574
55.06,0.10985,2.15775,-0.05029
55.08,0.07438,2.24497,0.03644
55.1,0.1754,2.31211,0.08483
55.12,0.18657,2.34176,0.08633
55.14,0.23011,2.31001,0.00046
55.16,0.26954,2.32838,0.04186
55.18,0.21158,2.36687,0.06893
55.2,0.14684,2.33859,0.13596
55.22,0.09244,2.45674,0.13886
55.24,0.04802,2.53226,0.23205
55.26,0.02556,2.49595,0.17658
55.28,0.12677,2.4969,0.17079
55.3,0.18123,2.43754,0.17183
55.32,0.23463,2.45206,0.19849
55.34,0.29517,2.43248,0.26759
55.36,0.2209,2.40932,0.29433
55.38,0.18818,2.4757,0.33244
55.4,0.17241,2.48108,0.32539
55.42,0.11264,2.5123,0.33964
55.44,0.14809,2.53015,0.36932
55.46,0.1583,2.5124,0.35547
55.48,0.1386,2.52293,0.40926
55.5,0.09701,2.46516,0.43175
55.52,0.04673,2.49594,0.4115
55.54,0.00963,2.39234,0.32576
55.56,-0.04765,2.39374,0.24925
55.58,-0.03037,2.36973,0.32736
55.6,0.04909,2.31172,0.29829
55.62,0.00191,2.24426,0.29415
55.64,-0.01225,2.14425,0.20679
55.66,-0.02452,2.10927,0.11087
55.68,-0.03538,1.96367,0.113
55.7,-0.04455,2.01533,0.02652
55.72,-0.01709,1.99086,0.09272
55.74,-0.02517,1.91742,0.06296
55.76,-0.006,1.94975,0.12007
55.78,-0.01599,1.87294,0.16152
55.8,-0.00251,1.89793,0.05709
55.82,-0.04857,1.78458,0.04695
55.84,-0.0551,1.8502,0.0603
55.86,0.00445,1.826,0.08662
55.88,0.02493,1.78963,0.09409
55.9,0.00026,1.84711,0.06247
55.92,0.06424,1.76228,0.14968
55.94,0.04686,1.70018,0.0987
55.96,0.04655,1.71312,0.05377
55.98,0.02902,1.64702,0.03641
56,-0.00353,1.6594,0.02763
56.02,0.01071,1.63245,0.03504
56.04,0.15903,1.64993,0.10848
56.06,0.2083,1.52734,0.03012
56.08,0.24171,1.4776,0.07
56.1,0.13016,1.44034,0.06018
56.12,0.15057,1.40929,0.0588
56.14,0.09864,1.41025,0.00862
56.16,0.07445,1.39303,-0.05867
56.18,0.17143,1.37056,-0.04696
56.2,0.17804,1.33542,-0.04303
56.22,0.22954,1.31305,-0.02938
56.24,0.31619,1.23583,-0.00817
56.26,0.21353,1.21372,-0.10834
56.28,0.24695,1.17065,-0.10278
56.3,0.20637,1.20532,-0.17059
56.32,0.32204,1.18752,-0.11994
56.34,0.32819,1.17492,-0.14253
56.36,0.41047,1.14904,-0.12775
56.38,0.47421,1.1092,-0.12567
56.4,0.46881,1.07514,-0.10562
56.42,0.46459,1.09193,-0.12172
56.44,0.48562,1.0956,-0.07982
56.46,0.42253,1.09672,-0.11724
56.48,0.41077,1.10217,-0.07558
56.5,0.38364,1.1607,-0.07634
56.52,0.4282,1.19208,-0.07096
56.54,0.40199,1.15948,-0.12625
56.56,0.4411,1.19456,-0.0845
56.58,0.39225,1.1344,-0.07795
56.6,0.37846,1.17352,-0.11966
56.62,0.32893,1.13733,-0.11993
56.64,0.28458,1.17618,-0.16892
56.66,0.30856,1.23787,-0.20578
56.68,0.27278,1.24188,-0.14108
56.7,0.31427,1.31178,-0.11581
56.72,0.35649,1.27614,-0.11269
56.74,0.26283,1.25234,-0.12691
56.76,0.2205,1.2965,-0.05679
56.78,0.15696,1.3739,-0.10799
56.8,0.06766,1.48641,-0.14895
56.82,-0.04115,1.56428,-0.06125
56.84,-0.08215,1.62062,-0.07161
56.86,-0.05476,1.63621,-0.00982
56.88,-0.10844,1.61289,-0.06442
56.9,-0.13138,1.65499,-0.12243
56.92,-0.16152,1.67007,-0.14213
56.94,-0.19263,1.72991,-0.11379
56.96,-0.18046,1.80228,-0.08827
56.98,-0.15732,1.89482,-0.18511
57,-0.19504,1.79398,-0.18988
57.02,-0.15131,1.88556,-0.12519
57.04,-0.10267,1.85209,-0.15201
57.06,-0.08837,1.9472,-0.16716
57.08,-0.0892,1.97902,-0.19781
57.1,-0.15723,2.02422,-0.12466
57.12,-0.10676,2.12443,-0.08964
57.14,-0.17695,2.12631,-0.09023
57.16,-0.24862,2.2535,-0.17671
57.18,-0.23022,2.22645,-0.15317
57.2,-0.26116,2.27241,-0.09347
57.22,-0.21224,2.32761,-0.07494
57.24,-0.18512,2.30431,-0.10505
57.26,-0.14242,2.43776,-0.11185
57.28,-0.19098,2.42022,-0.1247
57.3,-0.28577,2.5277,-0.07912
57.32,-0.23366,2.58678,-0.10672
57.34,-0.26938,2.56072,-0.17824
57.36,-0.23472,2.62332,-0.16208
57.38,-0.20669,2.61337,-0.16024
57.4,-0.22114,2.65814,-0.09392
57.42,-0.21056,2.67232,0.01523
57.44,-0.20672,2.84577,0.11996
57.46,-0.25067,2.83928,0.13991
57.48,-0.26518,2.86735,0.18906
57.5,-0.25439,2.89325,0.26027
57.52,-0.13754,2.82811,0.27322
57.54,-0.0869,2.81451,0.34916
57.56,-0.07638,2.85484,0.43633
57.58,-0.02787,2.81541,0.4628
57.6,0.03605,2.74191,0.54907
57.62,0.10127,2.70878,0.51741
57.64,0.10672,2.69529,0.43607
57.66,0.05083,2.52821,0.39157
57.68,0.09536,2.45586,0.39797
57.7,0.12879,2.2996,0.39032
57.72,0.22314,2.23688,0.32446
57.74,0.27914,2.12179,0.30491
57.76,0.32062,2.01424,0.23766
57.78,0.39228,1.80077,0.22923
57.8,0.4005,1.77126,0.16994
57.82,0.36494,1.58926,0.15445
57.84,0.3547,1.56432,0.15589
57.86,0.41775,1.41856,0.21042
57.88,0.53936,1.35061,0.17001
57.9,0.63083,1.22372,0.2413
57.92,0.68618,1.19207,0.21196
57.94,0.71328,1.07035,0.21836
57.96,0.70511,0.97481,0.21224
57.98,0.66606,0.95638,0.18131
58,0.54415,0.9523,0.12277
58.02,0.44682,0.84258,0.1007
58.04,0.41077,0.91519,0.0955
58.06,0.30286,0.78036,0.00778
58.08,0.2636,0.77016,-0.09201
58.1,0.19015,0.6733,-0.12264
58.12,0.11237,0.77687,-0.20744
58.14,0.05622,0.75769,-0.21442
58.16,0.04157,0.83199,-0.19752
58.18,0.08424,0.82939,-0.22081
58.2,-0.00611,0.74099,-0.22796
58.22,-0.03005,0.77492,-0.16652
58.24,0.04539,0.81591,-0.15551
58.26,0.01907,0.96388,-0.12194
58.28,-0.01569,1.0707,-0.12526
58.3,0.02038,0.97847,-0.07276
58.32,0.0324,1.02545,-0.02492
58.34,0.04011,1.0089,-0.03925
58.36,0.01769,1.00641,-0.04969
58.38,0.00485,0.99852,-0.07834
58.4,-0.12158,0.9547,-0.11047
58.42,-0.08648,1.06522,-0.0784
58.44,-0.00817,1.05224,-0.08828
58.46,-0.03959,1.05922,-0.03001
58.48,0.00166,0.96245,0.02458
58.5,0.09176,0.92074,0.11369
58.52,0.07739,1.00603,0.17558
58.54,0.06116,1.00784,0.19026
58.56,0.04582,1.01155,0.28063
58.58,0.04228,0.95634,0.35865
58.6,0.00216,0.9532,0.45531
58.62,0.03323,1.05759,0.56305
58.64,0.03084,0.99008,0.62646
58.66,0.01741,1.00307,0.69926
58.68,0.0195,0.99432,0.73445
58.7,0.05845,0.94166,0.75088
58.72,0.07215,0.95728,0.74984
58.74,0.06429,0.93186,0.76801
58.76,0.08191,1.00747,0.8259
58.78,0.07835,0.99772,0.83215
58.8,0.06959,1.01514,0.81391
58.82,0.05471,1.02937,0.81586
58.84,0.00103,1.01734,0.83167
58.86,0.0189,1.06326,0.84207
58.88,0.02718,1.0346,0.78082
58.9,0.01624,1.00762,0.7572
58.92,-0.04006,1.02331,0.75208
58.94,-0.00814,1.01482,0.76579
58.96,-0.03377,1.05423,0.72556
58.98,-0.06465,1.00595,0.70819
59,-0.08306,1.01367,0.67957
59.02,-0.06014,1.03103,0.72479
59.04,-0.0102,1.0123,0.68104
59.06,0.04377,1.00532,0.6426
59.08,0.04183,0.98192,0.67572
59.1,-0.01655,1.01903,0.7281
59.12,-0.02673,0.99707,0.75734
59.14,-0.02011,1.07183,0.7687
59.16,-0.07112,1.11064,0.78617
59.18,-0.00094,1.06769,0.81333
59.2,0.08639,1.07763,0.80236
59.22,0.13338,1.017,0.7885
59.24,0.12024,1.01107,0.81351
59.26,0.01828,1.05294,0.85368
59.28,-0.03926,1.04508,0.83501
59.3,-0.07815,1.12066,0.8386
59.32,-0.03346,1.0935,0.84126
59.34,0.05511,1.18138,0.86557
59.36,0.17465,1.11494,0.81744
59.38,0.15213,0.98935,0.76039
59.4,0.11624,0.98956,0.71977
59.42,0.04587,0.9874,0.74288
59.44,0.00319,1.09046,0.72775
59.46,-0.05601,1.08985,0.65863
59.48,-0.01056,1.05495,0.69992
59.5,0.04991,1.09757,0.74141
59.52,0.07857,1.0701,0.73847
59.54,0.09711,1.0759,0.68153
59.56,0.08123,0.99062,0.62716
59.58,-0.06069,0.96493,0.68568
59.6,-0.02752,1.09881,0.70131
59.62,-0.04716,1.09717,0.67602
59.64,-0.05604,1.1302,0.70177
59.66,-0.01882,1.08921,0.77231
59.68,0.08429,1.02464,0.78452
59.7,0.1295,1.04628,0.71029
59.72,0.15474,1.03501,0.667
59.74,0.15524,0.95946,0.64743
59.76,0.09922,0.96463,0.66601
59.78,0.00733,1.08371,0.6806
59.8,0.03321,1.11543,0.62747
59.82,0.0168,1.08532,0.66643
59.84,0.0643,1.06249,0.67705
59.86,0.11044,0.99365,0.59131
59.88,0.07702,0.95251,0.54519
59.9,0.08878,1.06685,0.58189
59.92,0.02081,0.99943,0.59905
59.94,-0.02272,0.99411,0.62382
59.96,0.01617,1.10052,0.63324
59.98,0.02432,1.10944,0.61936
60,0.05821,1.00649,0.50614
60.02,0.04342,1.05046,0.40477
60.04,0.09062,0.97788,0.29874
60.06,0.01947,1.07903,0.21048
60.08,-0.03515,1.1871,0.24899
60.1,-0.04169,1.29513,0.30881
60.12,-0.09743,1.23694,0.20803
60.14,-0.06965,1.32844,0.07284
60.16,-0.0357,1.30252,0.07168
60.18,-0.06719,1.14281,-0.08142
60.2,-0.01197,1.16846,-0.08622
60.22,-0.081,1.20015,-0.0796
60.24,0.02267,1.21828,0.11687
60.26,-0.0092,1.24962,0.17067
60.28,0.01608,1.19787,0.10248
60.3,0.05732,1.03572,0.0134
60.32,0.05951,0.9037,-0.08835
60.34,0.11342,0.94937,-0.00204
60.36,0.06392,0.95238,0.05004
60.38,0.0285,1.02138,0.06353
60.4,-0.0197,1.12046,0.20408
60.42,-0.066,1.10268,0.16331
60.44,0.04877,1.06662,0.09798
60.46,-0.06746,0.98153,-0.03281
60.48,-0.0619,0.94977,-0.12111
60.5,-0.01408,1.04398,0.0293
60.52,-0.04816,1.0602,-0.00931
60.54,-0.01184,1.16386,0.0483
60.56,-0.08836,0.98755,-0.0728
60.58,-0.04084,1.05973,-0.061
60.6,-0.04654,0.95622,-0.10429
60.62,0.03436,1.05471,-0.13134
60.64,0.09578,0.99547,-0.11707
60.66,0.05266,1.01525,-0.02367
60.68,0.07013,1.01456,-0.05121
60.7,0.02027,1.09055,-0.03953
60.72,0.0128,0.97303,-0.12946
60.74,0.03622,1.04545,-0.05426
60.76,-0.01859,0.92811,-0.14685
60.78,0.07298,1.24838,-0.15815
60.8,0.07651,1.09184,-0.1075
60.82,0.02554,1.29409,-0.03292
60.84,0.04457,1.37515,-0.05593
60.86,-0.04729,1.5209,-0.09769
60.88,-0.14627,1.79777,-0.06247
60.9,-0.06719,1.81013,-0.03975
60.92,-0.03848,1.81476,-0.18902
60.94,0.01833,1.89671,-0.15281
60.96,0.03231,2.10826,-0.23502
60.98,0.10096,2.26241,-0.19298
61,0.03334,2.22107,-0.11049
61.02,0.0194,2.42592,-0.15877
61.04,0.01249,2.41543,-0.35423
61.06,-0.04486,2.4924,-0.33489
61.08,0.03295,2.50853,-0.22425
61.1,0.19343,2.43644,-0.21314
61.12,0.17777,2.63108,-0.25221
61.14,0.23678,2.75577,-0.13807
61.16,0.16161,2.79637,-0.13723
61.18,0.12351,2.79919,-0.15011
61.2,0.04757,2.89289,-0.14205
61.22,0.04789,3.02239,-0.06678
61.24,0.13616,2.97968,-0.07096
61.26,0.23715,3.01274,-0.11048
61.28,0.32552,2.99753,-0.10508
61.3,0.30035,3.06708,-0.12931
61.32,0.24118,3.10329,-0.13794
61.34,0.20688,3.06061,-0.09031
61.36,0.21967,3.12388,-0.07559
61.38,0.27113,3.22474,-0.13046
61.4,0.35964,3.22037,-0.00277
61.42,0.51949,3.23429,0.07913
61.44,0.48823,3.16349,-0.09177
61.46,0.46479,3.31642,-0.09321
61.48,0.44856,3.326,0.05968
61.5,0.4474,3.28537,0.01473
61.52,0.52109,3.25896,-0.09229
61.54,0.5331,3.35162,0.00314
61.56,0.50792,3.42429,-0.02847
61.58,0.4406,3.4886,-0.01148
61.6,0.34839,3.46837,0.06396
61.62,0.28303,3.54038,0.12021
61.64,0.2145,3.55586,0.08308
61.66,0.34429,3.61845,0.09311
61.68,0.37291,3.49677,0.18144
61.7,0.3538,3.57478,0.12041
61.72,0.24135,3.61608,0.13244
61.74,0.01019,3.76649,0.22753
61.76,-0.04802,3.73134,0.16641
61.78,-0.09377,3.6377,0.12425
61.8,-0.06353,3.66594,0.1895
61.82,-0.07969,3.74015,0.19291
61.84,-0.01875,3.67816,0.11335
61.86,-0.04583,3.6597,0.05925
61.88,-0.19001,3.57607,0.06007
61.9,-0.2472,3.64766,-0.07363
61.92,-0.29124,3.59584,-0.00373
61.94,-0.303,3.60615,0.0513
61.96,-0.15836,3.54401,-0.00472
61.98,-0.10343,3.42333,-0.09556
62,-0.03515,3.57771,0.01798
62.02,0.00569,3.4228,0.01044
62.04,0.06922,3.34607,-0.0352
62.06,-0.09399,3.29891,-0.02163
62.08,-0.21187,3.40654,0.00998
62.1,-0.19678,3.39061,0.08969
62.12,-0.28746,3.34254,0.06786
62.14,-0.34646,3.3514,0.00265
62.16,-0.3563,3.30796,-0.03887
62.18,-0.33097,3.1927,0.02775
62.2,-0.27592,3.25861,0.06907
62.22,-0.29866,3.06162,-0.04332
62.24,-0.36871,3.17722,-0.04344
62.26,-0.34752,3.13066,0.00872
62.28,-0.26663,3.15168,0.02597
62.3,-0.18232,2.99298,-0.06813
62.32,-0.12217,2.97289,-0.07628
62.34,0.0767,2.8838,0.00408
62.36,0.10856,2.77343,0.02562
62.38,0.18689,2.74337,0.01246
62.4,0.19596,2.82105,0.04727
62.42,0.10372,2.65168,-0.01055
62.44,0.10115,2.68165,0.00445
62.46,0.09983,2.58799,0.03472
62.48,0.08447,2.58579,0.05658
62.5,0.12671,2.51019,0.05979
62.52,0.13775,2.47851,0.10782
62.54,0.20965,2.39995,0.06735
62.56,0.1105,2.39864,-0.05268
62.58,0.15724,2.33283,-0.03207
62.6,0.07545,2.35332,-0.02463
62.62,-0.0291,2.23447,-0.09336
62.64,-0.03956,2.32836,-0.02266
62.66,-0.11854,2.32844,-0.02191
62.68,-0.13695,2.28812,-0.10683
62.7,-0.15874,2.21799,-0.11744
62.72,-0.14019,2.23498,-0.13359
62.74,-0.07145,2.10548,-0.2061
62.76,-0.125,2.14642,-0.19334
62.78,-0.17308,2.09378,-0.08559
62.8,-0.13094,2.23984,-0.03337
62.82,-0.11295,2.04506,-0.0755
62.84,-0.01539,2.13191,-0.1205
62.86,-0.0227,1.99804,-0.14487
62.88,0.08334,2.017,-0.1587
62.9,0.1289,1.86405,-0.09293
62.92,0.06988,1.91232,-0.15303
62.94,0.03449,1.82257,-0.16165
62.96,-0.05586,1.93455,-0.09835
62.98,-0.10426,1.87513,-0.08973
63,-0.12317,1.88628,-0.08155
63.02,-0.20937,1.8494,-0.10643
63.04,-0.16808,1.8176,-0.2022
63.06,-0.25321,1.71678,-0.18504
63.08,-0.23099,1.72758,-0.26589
63.1,-0.24964,1.63801,-0.23771
63.12,-0.32119,1.71473,-0.23295
63.14,-0.21314,1.60251,-0.23573
63.16,-0.23547,1.6709,-0.2726
63.18,-0.20006,1.54405,-0.33069
63.2,-0.21249,1.49618,-0.35299
63.22,-0.21154,1.56875,-0.30987
63.24,-0.15897,1.41453,-0.41392
63.26,-0.19522,1.55931,-0.31505
63.28,-0.12242,1.46704,-0.35928
63.3,-0.14593,1.49174,-0.27033
63.32,-0.17368,1.54649,-0.26443
63.34,-0.13317,1.48906,-0.3078
63.36,-0.29266,1.62281,-0.25807
63.38,-0.26413,1.50834,-0.22696
63.4,-0.34183,1.58465,-0.16549
63.42,-0.33361,1.63023,-0.19197
63.44,-0.35779,1.5023,-0.19768
63.46,-0.3465,1.6039,-0.12007
63.48,-0.32667,1.47746,-0.12103
63.5,-0.36925,1.53875,-0.05975
63.52,-0.3552,1.55322,-0.07759
63.54,-0.38506,1.47614,-0.06808
63.56,-0.37919,1.50185,-0.0839
63.58,-0.30543,1.41745,-0.11826
63.6,-0.35924,1.44227,-0.13418
63.62,-0.34943,1.45565,-0.11858
63.64,-0.39924,1.44697,-0.00754
63.66,-0.37031,1.49301,-0.06605
63.68,-0.3854,1.4138,-0.09766
63.7,-0.38297,1.45073,-0.08455
63.72,-0.33817,1.42634,-0.04918
63.74,-0.33212,1.34567,-0.06409
63.76,-0.29266,1.34132,-0.0715
63.78,-0.29067,1.34062,-0.0623
63.8,-0.31198,1.34748,0.00017
63.82,-0.35054,1.31953,0.0025
63.84,-0.28198,1.30184,0.01063
63.86,-0.29856,1.2648,-0.0566
63.88,-0.26717,1.28221,-0.0297
63.9,-0.28437,1.27134,-0.00901
63.92,-0.34839,1.24642,0.03236
63.94,-0.34652,1.22472,-0.0044
63.96,-0.37433,1.21117,0.04736
63.98,-0.39326,1.20645,0.0739
64,-0.40232,1.19634,0.11184
64.02,-0.42149,1.15477,0.09992
64.04,-0.37631,1.17413,0.08951
64.06,-0.39187,1.0889,0.08644
64.08,-0.32168,1.08883,0.10009
64.1,-0.32696,0.97766,0.09843
64.12,-0.29642,0.94853,0.11328
64.14,-0.27468,0.8927,0.08894
64.16,-0.31271,0.88848,0.10138
64.18,-0.30667,0.84487,0.08231
64.2,-0.27414,0.83941,0.10703
64.22,-0.29502,0.81319,0.0813
64.24,-0.29878,0.77298,0.07997
64.26,-0.31934,0.73944,0.10535
64.28,-0.35729,0.70217,0.07737
64.3,-0.38836,0.68391,0.07746
64.32,-0.41795,0.69673,0.106
64.34,-0.44104,0.6547,0.06516
64.36,-0.39404,0.65485,0.10399
64.38,-0.42676,0.61876,0.04585
64.4,-0.39156,0.6398,0.08885
64.42,-0.38571,0.5723,0.01975
64.44,-0.32587,0.53238,0.05373
64.46,-0.26078,0.50081,-0.00749
64.48,-0.19488,0.47395,-0.02505
64.5,-0.16593,0.49906,-0.11191
64.52,-0.14716,0.49718,-0.13175
64.54,-0.14486,0.53252,-0.18402
64.56,-0.1262,0.56887,-0.15048
64.58,-0.12976,0.55832,-0.24472
64.6,-0.07745,0.54898,-0.20762
64.62,-0.07271,0.55188,-0.28435
64.64,-0.13921,0.59029,-0.32433
64.66,-0.12405,0.63134,-0.3678
64.68,-0.13857,0.70605,-0.31202
64.7,-0.12201,0.77567,-0.33032
64.72,-0.0892,0.76913,-0.25233
64.74,-0.03803,0.87877,-0.25685
64.76,0.03273,0.84837,-0.25147
64.78,0.08923,0.90548,-0.28624
64.8,0.13709,0.91612,-0.26667
64.82,0.20669,1.05509,-0.23587
64.84,0.19969,1.0695,-0.27312
64.86,0.2991,1.15701,-0.21797
64.88,0.28314,1.17306,-0.23646
64.9,0.33764,1.24152,-0.24846
64.92,0.36876,1.23458,-0.29296
64.94,0.39356,1.27576,-0.27522
64.96,0.37967,1.25604,-0.27684
64.98,0.3937,1.32421,-0.2526
65,0.37002,1.32474,-0.21598
65.02,0.40802,1.44847,-0.14114
65.04,0.44779,1.39364,-0.11663
65.06,0.51592,1.52374,-0.04362
65.08,0.51233,1.48719,-0.03842
65.1,0.58921,1.54771,0.04311
65.12,0.60735,1.49087,0.05271
65.14,0.64557,1.49619,0.12236
65.16,0.63813,1.51424,0.09834
65.18,0.71706,1.52857,0.16445
65.2,0.7247,1.48011,0.17293
65.22,0.77898,1.53098,0.1886
65.24,0.76375,1.44326,0.16747
65.26,0.62967,1.54245,0.13464
65.28,0.64478,1.40802,0.13678
65.3,0.62886,1.4283,0.13763
65.32,0.62471,1.38398,0.14098
65.34,0.58787,1.37876,0.17304
65.36,0.54382,1.35958,0.20975
65.38,0.49378,1.33676,0.2429
65.4,0.47141,1.27373,0.21584
65.42,0.43772,1.30107,0.23801
65.44,0.42137,1.19561,0.22802
65.46,0.43197,1.22442,0.23033
65.48,0.48725,1.02364,0.24082
65.5,0.42992,1.04993,0.22613
65.52,0.4289,0.91692,0.25311
65.54,0.34882,0.8859,0.21624
65.56,0.35611,0.81759,0.18821
65.58,0.29277,0.83033,0.16259
65.6,0.31873,0.75332,0.18186
65.62,0.23953,0.72923,0.17701
65.64,0.23293,0.66621,0.16198
65.66,0.14497,0.64242,0.13981
65.68,0.08262,0.58139,0.11985
65.7,0.03146,0.54887,0.09208
65.72,0.04152,0.48731,0.1065
65.74,0.00565,0.49183,0.05248
65.76,-0.01215,0.45377,0.04036
65.78,-0.10509,0.44852,0.00838
65.8,-0.13478,0.40655,0.00306
65.82,-0.18982,0.41057,-0.06571
65.84,-0.21299,0.34488,-0.09619
65.86,-0.25111,0.30403,-0.09379
65.88,-0.23463,0.3039,-0.07429
65.9,-0.23952,0.29951,-0.09165
65.92,-0.21514,0.3751,-0.06009
65.94,-0.27215,0.38023,-0.09771
65.96,-0.26743,0.39978,-0.0652
65.98,-0.28301,0.42616,-0.05217
66,-0.23046,0.38578,-0.08073
66.02,-0.18088,0.35972,-0.10287
66.04,-0.16929,0.3517,-0.10819
66.06,-0.16397,0.34441,-0.11352
66.08,-0.16895,0.37335,-0.17706
66.1,-0.20765,0.38062,-0.20039
66.12,-0.30177,0.40854,-0.21576
66.14,-0.32785,0.4037,-0.28084
66.16,-0.31986,0.45356,-0.2297
66.18,-0.31506,0.43096,-0.26003
66.2,-0.28578,0.4485,-0.28753
66.22,-0.30879,0.51122,-0.26116
66.24,-0.30268,0.57488,-0.29408
66.26,-0.29685,0.66595,-0.23662
66.28,-0.29424,0.74146,-0.2177
66.3,-0.28751,0.80828,-0.19728
66.32,-0.3113,0.79917,-0.18734
66.34,-0.26329,0.8379,-0.19414
66.36,-0.29508,0.8982,-0.11747
66.38,-0.27403,0.9478,-0.16955
66.4,-0.21763,1.03695,-0.16164
66.42,-0.21551,1.02258,-0.15702
66.44,-0.1317,1.12479,-0.08928
66.46,-0.19176,1.10219,-0.14839
66.48,-0.18349,1.10341,-0.19483
66.5,-0.25212,1.14375,-0.17996
66.52,-0.24705,1.25464,-0.11016
66.54,-0.23135,1.32324,-0.15488
66.56,-0.1349,1.32857,-0.14199
66.58,-0.10234,1.39963,-0.20185
66.6,-0.12104,1.41519,-0.19076
66.62,-0.11264,1.4431,-0.18012
66.64,-0.14487,1.45915,-0.20308
66.66,-0.30832,1.51197,-0.27319
66.68,-0.33563,1.62661,-0.15758
66.7,-0.43307,1.71094,-0.14701
66.72,-0.30389,1.67183,-0.15931
66.74,-0.27527,1.70647,-0.20096
66.76,-0.22163,1.80949,-0.14961
66.78,-0.25784,1.8867,-0.11685
66.8,-0.19623,1.83501,-0.05647
66.82,-0.25232,1.87499,-0.02544
66.84,-0.35948,2.04492,0.01449
66.86,-0.47198,2.17645,0.01506
66.88,-0.34718,2.09186,0.0049
66.9,-0.32665,2.07617,0.01132
66.92,-0.21303,2.1618,0.04755
66.94,-0.27403,2.29293,0.04963
66.96,-0.27758,2.17402,0.04033
66.98,-0.27232,2.1829,0.04426
67,-0.31569,2.1734,0.0515
67.02,-0.43684,2.34062,-0.00452
67.04,-0.40405,2.3326,-0.04948
67.06,-0.42403,2.2488,-0.0615
67.08,-0.27634,2.26527,-0.04707
67.1,-0.28057,2.33132,-0.01552
67.12,-0.20718,2.35664,-0.04737
67.14,-0.27962,2.37871,-0.02841
67.16,-0.34265,2.34782,0.02657
67.18,-0.38629,2.48254,0.05715
67.2,-0.45597,2.48521,0.03096
67.22,-0.48626,2.54489,-0.00893
67.24,-0.42943,2.4702,-0.00966
67.26,-0.40552,2.48377,0.00012
67.28,-0.38098,2.48326,0.00621
67.3,-0.4656,2.48395,0.02804
67.32,-0.51875,2.49822,0.03394
67.34,-0.61693,2.51401,0.07463
67.36,-0.53025,2.44499,0.05321
67.38,-0.45821,2.46113,0.00838
67.4,-0.42449,2.37516,0.00638
67.42,-0.37609,2.38623,0.05145
67.44,-0.38022,2.33336,0.11375
67.46,-0.39911,2.3304,0.11532
67.48,-0.46679,2.31522,0.15078
67.5,-0.43852,2.25174,0.10888
67.52,-0.38793,2.21967,0.1386
67.54,-0.39928,2.15933,0.12992
67.56,-0.34924,2.19503,0.10006
67.58,-0.44493,2.12068,0.10327
67.6,-0.43647,2.04876,0.11227
67.62,-0.44645,2.03144,0.10335
67.64,-0.47812,1.89832,0.09104
67.66,-0.43777,1.92174,0.08699
67.68,-0.42134,1.81186,0.1211
67.7,-0.37444,1.78299,0.10395
67.72,-0.43733,1.72458,0.12312
67.74,-0.48186,1.67311,0.11912
67.76,-0.4534,1.59914,0.11828
67.78,-0.49498,1.3868,0.12276
67.8,-0.43974,1.31554,0.09036
67.82,-0.46768,1.35267,0.09917
67.84,-0.46743,1.31469,0.06917
67.86,-0.4908,1.30437,0.08251
67.88,-0.54712,1.16317,-0.03039
67.9,-0.52413,1.06555,-0.05734
67.92,-0.48005,1.00649,-0.03012
67.94,-0.40764,1.05741,-0.04371
67.96,-0.35291,0.93546,-0.10481
67.98,-0.27281,0.9707,-0.09684
68,-0.18633,1.05625,-0.11347
68.02,-0.19227,1.16487,-0.12978
68.04,-0.15596,1.09484,-0.20382
68.06,-0.19688,1.11616,-0.21203
68.08,-0.14247,1.20943,-0.26644
68.1,-0.10323,1.26009,-0.25215
68.12,-0.06066,1.42025,-0.2653
68.14,0.001,1.45296,-0.29096
68.16,0.11902,1.46811,-0.29331
68.18,0.15162,1.62215,-0.31153
68.2,0.17717,1.67467,-0.30689
68.22,0.22142,1.74241,-0.25199
68.24,0.28809,1.72985,-0.2254
68.26,0.33631,1.84027,-0.22484
68.28,0.39281,1.87555,-0.20785
68.3,0.42329,1.97617,-0.12598
68.32,0.56367,2.02738,-0.04219
68.34,0.57524,1.99122,-0.08458
68.36,0.50331,2.09157,-0.19011
68.38,0.37105,2.1693,-0.10315
68.4,0.40305,2.30467,-0.02391
68.42,0.37916,2.24779,-0.08808
68.44,0.31192,2.29001,-0.15773
68.46,0.41969,2.3669,-0.11894
68.48,0.453,2.4087,-0.03786
68.5,0.54496,2.45981,-0.07033
68.52,0.54753,2.32451,-0.1632
68.54,0.45252,2.47448,-0.15861
68.56,0.43196,2.6045,-0.06184
68.58,0.41099,2.61831,0.00478
68.6,0.46174,2.64946,-0.0776
68.62,0.51688,2.70104,-0.08099
68.64,0.48274,2.84084,-0.04683
68.66,0.41613,2.82412,-0.07678
68.68,0.28019,2.8888,-0.06567
68.7,0.18434,2.93258,-0.1396
68.72,0.12479,2.97566,-0.05711
68.74,0.18722,3.20267,0.0093
68.76,0.26115,3.11983,0.02827
68.78,0.22916,3.1644,-0.01904
68.8,0.20812,3.22459,0.00766
68.82,0.20915,3.28988,0.11857
68.84,0.17841,3.3052,0.04113
68.86,0.11191,3.25381,0.02723
68.88,0.16052,3.54267,0.15776
68.9,0.16552,3.50063,0.11773
68.92,0.14972,3.58811,0.12522
68.94,0.12471,3.60112,0.05963
68.96,0.02135,3.6042,0.01205
68.98,-0.07106,3.62143,-0.03034
69,-0.11669,3.73256,0.00224
69.02,-0.10486,3.72884,0.06632
69.04,-0.10176,3.78976,0.03681
69.06,-0.19186,3.72757,-0.01712
69.08,-0.11555,3.88699,-0.02866
69.1,-0.1226,3.74763,-0.03373
69.12,-0.09715,3.82177,0.04413
69.14,-0.11389,3.72934,-0.03138
69.16,-0.16853,3.7475,-0.0742
69.18,-0.23854,3.79796,-0.01637
69.2,-0.18126,3.80657,-0.03589
69.22,-0.10641,3.58713,-0.06708
69.24,-0.06624,3.6283,-0.15575
69.26,-0.04418,3.55581,-0.12894
69.28,0.04417,3.54937,0.0413
69.3,0.01327,3.62776,0.02026
69.32,0.05388,3.42501,-0.07899
69.34,0.01337,3.45523,-0.17984
69.36,0.01368,3.34503,-0.05058
69.38,0.07906,3.4568,0.11519
69.4,0.25998,3.34126,0.04109
69.42,0.3059,3.28762,0.07519
69.44,0.28838,3.37481,0.05065
69.46,0.33238,3.34635,0.13558
69.48,0.2073,3.29711,-0.04447
69.5,0.15879,3.28598,-0.05067
69.52,0.19984,3.10324,0.02111
69.54,0.30195,3.20483,0.11646
69.56,0.29313,3.05216,0.05036
69.58,0.44168,3.17269,0.07139
69.6,0.40367,3.01836,-0.12541
69.62,0.27033,2.95465,-0.01734
69.64,0.15535,3.01704,-0.12427
69.66,0.24727,2.99518,-0.07239
69.68,0.18027,2.84815,-0.21895
69.7,0.3041,2.85,-0.11983
69.72,0.258,2.79457,-0.21823
69.74,0.3077,2.75601,-0.13177
69.76,0.14076,2.72807,-0.24292
69.78,0.19519,2.68336,-0.21534
69.8,0.06666,2.59264,-0.29387
69.82,0.16163,2.6042,-0.18057
69.84,0.14228,2.47211,-0.20534
69.86,0.09339,2.4892,-0.04714
69.88,-0.07882,2.4904,0.01161
69.9,-0.09635,2.49152,0.06115
69.92,-0.04823,2.38113,0.13063
69.94,-0.02943,2.30344,0.08629
69.96,-0.07421,2.32052,-0.02368
69.98,0.00805,2.16967,0.0241
70,0.05621,2.16029,0.12166
70.02,0.06211,2.03591,0.10032
70.04,-0.05887,2.01676,0.04109
70.06,-0.02934,1.90994,0.01442
70.08,-0.01092,1.8189,-0.07764
70.1,0.10066,1.65447,-0.16214
70.12,0.10921,1.61736,-0.15701
70.14,0.0595,1.53137,-0.22622
70.16,0.10393,1.47773,-0.1442
70.18,0.13881,1.35587,-0.07743
70.2,0.16049,1.29659,-0.11036
70.22,0.14641,1.23846,-0.10454
70.24,0.19719,1.24431,-0.0493
70.26,0.27311,1.1279,-0.01793
70.28,0.29907,1.11331,-0.09415
70.3,0.36627,1.05916,-0.06531
70.32,0.26685,0.96541,-0.08133
70.34,0.20317,0.99352,-0.02857
70.36,0.15981,0.93423,-0.06658
70.38,0.08572,1.00481,-0.0883
70.4,0.09133,0.98212,-0.15808
70.42,0.03819,1.04241,-0.18325
70.44,0.10373,1.05642,-0.25698
70.46,0.07914,1.07495,-0.26637
70.48,0.11812,1.01241,-0.28087
70.5,0.1445,1.09296,-0.25216
70.52,0.11814,1.04631,-0.25212
70.54,0.17464,1.17572,-0.22263
70.56,0.2775,1.15834,-0.28299
70.58,0.32269,1.29895,-0.284
70.6,0.37178,1.30281,-0.26713
70.62,0.27364,1.35779,-0.23793
70.64,0.28542,1.40057,-0.17882
70.66,0.14895,1.46199,-0.16717
70.68,0.13321,1.53053,-0.16162
70.7,0.08114,1.68779,-0.12718
70.72,0.12754,1.82342,-0.04528
70.74,0.24184,1.90583,-0.02126
70.76,0.29478,1.92979,-0.09141
70.78,0.29856,1.96969,-0.03853
70.8,0.2051,2.06553,-0.01274
70.82,0.05668,2.12101,0.04633
70.84,0.02348,2.31181,0.07373
70.86,-0.01294,2.44056,0.10606
70.88,-0.07557,2.52575,0.05312
70.9,0.0181,2.56979,0.03389
70.92,0.03368,2.62409,0.04032
70.94,-0.02155,2.63561,0.01814
70.96,-0.14096,2.78108,-0.04979
70.98,-0.20174,2.91961,0.05712
71,-0.2228,3.10952,-0.00115
71.02,-0.17059,3.08762,-0.03947
71.04,-0.05566,3.21746,-0.12123
71.06,0.05283,3.19929,-0.0931
71.08,0.1674,3.27261,-0.0819
71.1,0.2462,3.38068,-0.01897
71.12,0.14832,3.50877,0.00322
71.14,0.08384,3.53606,-0.01188
71.16,0.01785,3.66837,-0.04502
71.18,0.0129,3.72486,0.04356
71.2,0.00122,3.77481,0.09221
71.22,-0.00873,3.85533,0.20653
71.24,-0.00051,3.97787,0.23453
71.26,0.13988,3.90948,0.22067
71.28,0.18628,3.94977,0.19522
71.3,0.05949,4.03215,0.18306
71.32,0.08647,4.03922,0.30501
71.34,0.02818,4.18523,0.28632
71.36,0.01121,4.20381,0.24274
71.38,0.02454,4.2173,0.24243
71.4,0.03216,4.24227,0.15854
71.42,0.06334,4.2577,0.13477
71.44,0.1581,4.2528,0.12483
71.46,0.16923,4.26313,0.10132
71.48,0.06023,4.2568,0.14712
71.5,-0.05939,4.35551,0.09917
71.52,0.05525,4.27723,0.09333
71.54,0.11535,4.19022,0.03114
71.56,0.14854,4.12134,0.05045
71.58,0.23382,4.12717,0.1344
71.6,0.31504,4.09376,0.26415
71.62,0.31385,4.17847,0.29804
71.64,0.31712,4.07831,0.28076
71.66,0.22981,3.98795,0.24111
71.68,0.2119,4.03108,0.29987
71.7,0.33486,4.00749,0.25158
71.72,0.29033,3.88483,0.23442
71.74,0.04623,3.89364,0.26333
71.76,-0.06369,3.96453,0.24175
71.78,-0.15785,3.83272,0.1867
71.8,-0.18799,3.87593,0.06926
71.82,-0.20548,3.922,-0.05199
71.84,-0.19321,3.75268,0.02179
71.86,-0.19563,3.84235,0.07916
71.88,-0.16738,3.86056,0.05968
71.9,-0.18018,3.80633,-0.02788
71.92,-0.34606,3.88016,0.01109
71.94,-0.26224,3.87798,0.15371
71.96,-0.02995,3.79608,0.01932
71.98,-0.04458,3.79124,-0.06773
72,0.04626,3.85294,0.04933
72.02,0.10591,3.86645,0.29871
72.04,0.03209,3.77308,0.29199
72.06,0.02903,3.86351,0.17806
72.08,0.11148,3.79942,0.10769
72.1,0.24434,3.67298,0.1031
72.12,0.25861,3.56733,0.13813
72.14,0.28558,3.63324,0.22006
72.16,0.23689,3.63367,0.11995
72.18,0.17959,3.55925,0.15738
72.2,0.17609,3.57775,0.14442
72.22,0.3103,3.49261,0.09013
72.24,0.38075,3.339,-0.02665
72.26,0.5358,3.33433,-0.0146
72.28,0.64231,3.16397,0.07327
72.3,0.61435,3.10514,0.0266
72.32,0.50532,3.10726,0.06964
72.34,0.52099,3.13309,0.13927
72.36,0.53276,2.92175,0.11744
72.38,0.58334,2.82986,0.11185
72.4,0.59145,2.83005,0.14449
72.42,0.61439,2.65082,0.20539
72.44,0.54068,2.60839,0.22652
72.46,0.41933,2.57406,0.24916
72.48,0.27854,2.5223,0.31071
72.5,0.09882,2.40757,0.26504
72.52,0.09187,2.33686,0.32504
72.54,0.06928,2.27632,0.3529
72.56,0.06529,2.14027,0.38679
72.58,0.0851,2.1126,0.35667
72.6,0.0331,1.98527,0.41932
72.62,-0.01194,1.8746,0.42741
72.64,-0.09343,1.79346,0.44674
72.66,-0.24709,1.66765,0.41159
72.68,-0.34092,1.47827,0.35937
72.7,-0.32203,1.32022,0.27003
72.72,-0.26053,1.22123,0.31636
72.74,-0.34758,1.12449,0.29544
72.76,-0.35186,1.00839,0.26324
72.78,-0.377,0.86638,0.20556
72.8,-0.43651,0.75173,0.20534
72.82,-0.46337,0.63462,0.14518
72.84,-0.47236,0.58437,0.17568
72.86,-0.44337,0.4882,0.19451
72.88,-0.3654,0.35337,0.19851
72.9,-0.35626,0.29444,0.18046
72.92,-0.37807,0.2181,0.19814
72.94,-0.44325,0.1556,0.10595
72.96,-0.44868,0.04224,0.083
72.98,-0.52578,-0.04255,0.11714
73,-0.5698,-0.10102,0.03786
73.02,-0.54721,-0.20196,-0.01058
73.04,-0.54862,-0.22591,-0.04731
73.06,-0.49009,-0.28724,-0.07697
73.08,-0.41824,-0.34087,-0.10853
73.1,-0.34939,-0.35274,-0.11568
73.12,-0.30869,-0.34698,-0.19289
73.14,-0.27608,-0.47108,-0.23366
73.16,-0.20649,-0.48726,-0.16771
73.18,-0.18266,-0.43083,-0.30187
73.2,-0.08215,-0.49678,-0.30426
73.22,-0.06586,-0.4502,-0.35606
73.24,-0.00738,-0.43635,-0.35368
73.26,0.04927,-0.44303,-0.38028
73.28,0.08767,-0.40571,-0.44391
73.3,0.0941,-0.4245,-0.49583
73.32,0.12438,-0.35107,-0.54168
73.34,0.15436,-0.32408,-0.53309
73.36,0.15239,-0.2421,-0.57281
73.38,0.18415,-0.18702,-0.63783
73.4,0.19174,-0.15201,-0.52216
73.42,0.20684,-0.03352,-0.65602
73.44,0.27368,0.01529,-0.56538
73.46,0.25622,0.11653,-0.58235
73.48,0.32002,0.19255,-0.58474
73.5,0.27079,0.22398,-0.52603
73.52,0.26921,0.34163,-0.50207
73.54,0.21791,0.36495,-0.48148
73.56,0.22438,0.51504,-0.44354
73.58,0.24866,0.6442,-0.37765
73.6,0.28042,0.71827,-0.37586
73.62,0.31636,0.74563,-0.38793
73.64,0.25402,0.79424,-0.30049
73.66,0.22904,0.85522,-0.27481
73.68,0.1653,0.89451,-0.25616
73.7,0.03858,0.99396,-0.18155
73.72,-0.0152,1.10073,-0.16637
73.74,-0.11547,1.22105,-0.10696
73.76,-0.17966,1.29056,-0.1846
73.78,-0.18626,1.30321,-0.1466
73.8,-0.22093,1.29158,-0.15532
73.82,-0.17287,1.3896,-0.0927
73.84,-0.16735,1.37857,-0.0927
73.86,-0.15834,1.45114,-0.07769
73.88,-0.17414,1.46289,-0.05032
73.9,-0.14774,1.54662,0.01954
73.92,-0.22206,1.64785,-0.04173
73.94,-0.19972,1.66165,-0.08728
73.96,-0.1578,1.66132,-0.15418
73.98,-0.1553,1.71207,-0.05093
74,-0.26018,1.76801,-0.04187
74.02,-0.27095,1.91269,0.03417
74.04,-0.3936,1.88421,-0.04052
74.06,-0.45249,1.98444,0.00434
74.08,-0.45451,1.99052,0.01715
74.1,-0.46263,2.12849,-0.03739
74.12,-0.48335,2.09481,-0.11009
74.14,-0.37088,2.13303,-0.0226
74.16,-0.37742,2.17522,-0.03844
74.18,-0.40929,2.16808,0.00957
74.2,-0.43252,2.22316,0.03284
74.22,-0.3797,2.26469,-0.01682
74.24,-0.34172,2.28594,-0.04496
74.26,-0.32452,2.42485,-0.0102
74.28,-0.30757,2.42154,-0.04979
74.3,-0.34952,2.48308,-0.10518
74.32,-0.40337,2.53762,-0.03729
74.34,-0.36145,2.58932,-0.02012
74.36,-0.37133,2.54862,-0.05055
74.38,-0.35092,2.55578,-0.00909
74.4,-0.24973,2.72568,-0.03685
74.42,-0.16768,2.66881,-0.09317
74.44,-0.09316,2.67093,-0.06866
74.46,-0.11785,2.75931,0.01313
74.48,-0.14247,2.77583,0.01416
74.5,-0.13725,2.80432,0.01882
74.52,-0.12653,2.85411,0.05428
74.54,-0.04193,2.79414,0.09187
74.56,-0.11414,2.90503,0.0693
74.58,-0.06749,2.89689,0.1205
74.6,-0.0437,2.94887,0.10295
74.62,-0.05495,2.74295,0.12742
74.64,-0.11227,2.82675,0.2145
74.66,-0.11181,2.80539,0.29351
74.68,-0.06327,2.75236,0.22199
74.7,-0.09523,2.62787,0.24321
74.72,-0.04073,2.64833,0.31664
74.74,0.00039,2.55926,0.28628
74.76,-0.0496,2.51315,0.17131
74.78,-0.03834,2.41335,0.25468
74.8,-0.05549,2.34536,0.21601
74.82,-0.08434,2.26302,0.25888
74.84,-0.16852,2.25986,0.24796
74.86,-0.10392,2.21243,0.12992
74.88,-0.12996,2.16214,0.06351
74.9,-0.21917,2.10566,0.05978
74.92,-0.21692,2.09881,0.06432
74.94,-0.3088,2.06087,-0.03811
74.96,-0.33211,2.08588,-0.05554
74.98,-0.36581,2.11441,-0.06744
75,-0.34043,2.14982,-0.08248
75.02,-0.35698,2.2078,-0.10852
75.04,-0.35699,2.24539,-0.18032
75.06,-0.33653,2.29227,-0.28737
75.08,-0.38076,2.35107,-0.24859
75.1,-0.32779,2.50991,-0.20741
75.12,-0.32148,2.46139,-0.2425
75.14,-0.20953,2.61602,-0.28585
75.16,-0.14558,2.69323,-0.24834
75.18,-0.08627,2.74637,-0.27318
75.2,0.0938,2.8149,-0.2729
75.22,0.1154,2.77867,-0.3558
75.24,0.13746,2.87164,-0.34812
75.26,0.0135,2.95786,-0.16297
75.28,0.02555,3.17745,-0.02925
75.3,-0.03781,3.23203,0.03877
75.32,-0.20567,3.22284,-0.01461
75.34,-0.1158,3.324,-0.04418
75.36,-0.26173,3.2157,-0.00659
75.38,-0.19624,3.43445,0.03122
75.4,-0.26224,3.35641,0.0588
75.42,-0.32071,3.44774,0.19311
75.44,-0.23967,3.48291,0.29861
75.46,-0.31615,3.45315,0.20991
75.48,-0.21358,3.62638,0.13224
75.5,-0.33585,3.58443,0.1707
75.52,-0.34214,3.58914,0.10965
75.54,-0.25121,3.56176,0.11354
75.56,-0.32815,3.61082,0.11967
75.58,-0.25948,3.75819,0.09874
75.6,-0.28448,3.60733,0.16428
75.62,-0.35113,3.81854,0.27481
75.64,-0.45506,3.72998,0.17656
75.66,-0.57969,3.86454,0.10606
75.68,-0.48696,3.92345,0.15102
75.7,-0.49267,3.77226,0.13206
75.72,-0.46149,3.81672,0.07403
75.74,-0.30868,3.81661,0.17483
75.76,-0.43788,3.93798,0.27408
75.78,-0.31354,3.86561,0.31618
75.8,-0.29791,3.87264,0.23025
75.82,-0.36482,3.8632,0.06384
75.84,-0.3379,3.93928,0.22499
75.86,-0.32751,3.89719,0.27801
75.88,-0.22368,3.84038,0.30453
75.9,-0.38102,3.8822,0.29129
75.92,-0.38703,3.86933,0.33842
75.94,-0.303,3.76069,0.30817
75.96,-0.43003,3.75464,0.23625
75.98,-0.35032,3.70737,0.24284
76,-0.39281,3.74777,0.27081
76.02,-0.56273,3.62987,0.29807
76.04,-0.57392,3.54159,0.35395
76.06,-0.64008,3.43387,0.20335
76.08,-0.63639,3.40891,0.21213
76.1,-0.62522,3.30328,0.14703
76.12,-0.45522,3.09502,0.21791
76.14,-0.41097,3.09737,0.17924
76.16,-0.37141,3.00346,0.20651
76.18,-0.30598,2.83512,0.17102
76.2,-0.29209,2.68731,0.0315
76.22,-0.47749,2.6461,0.02649
76.24,-0.40778,2.58443,0.10394
76.26,-0.47979,2.60911,0.08615
76.28,-0.3816,2.43344,-0.0487
76.3,-0.32627,2.41616,-0.05604
76.32,-0.39331,2.39183,-0.00145
76.34,-0.4212,2.42569,-0.07013
76.36,-0.41788,2.28249,-0.07004
76.38,-0.48632,2.26834,-0.03262
76.4,-0.44846,2.29535,-0.0075
76.42,-0.46166,2.27884,-0.0013
76.44,-0.33625,2.16128,-0.05729
76.46,-0.18824,2.15707,-0.06193
76.48,-0.09517,2.05295,-0.03459
76.5,-0.05907,2.05286,0.00036
76.52,-0.07758,1.99392,-0.01878
76.54,-0.15314,1.93614,-0.04986
76.56,-0.22979,1.9321,-0.00851
76.58,-0.27647,1.93876,-0.05085
76.6,-0.25433,1.88544,-0.07576
76.62,-0.31089,1.80854,-0.09717
76.64,-0.25878,1.75143,-0.09043
76.66,-0.19615,1.82518,-0.05299
76.68,-0.30251,1.78267,-0.07822
76.7,-0.29444,1.74254,-0.06331
76.72,-0.32758,1.71957,-0.05602
76.74,-0.31854,1.6893,-0.09579
76.76,-0.26721,1.67989,-0.11955
76.78,-0.20236,1.57956,-0.10966
76.8,-0.17441,1.54577,-0.10193
76.82,-0.14055,1.51821,-0.12077
76.84,-0.13095,1.5237,-0.14059
76.86,-0.11568,1.48376,-0.14008
76.88,-0.1851,1.41458,-0.14854
76.9,-0.14528,1.3523,-0.15083
76.92,-0.14342,1.36574,-0.11262
76.94,-0.12138,1.27099,-0.08345
76.96,-0.10926,1.27645,-0.05861
76.98,-0.06693,1.20653,-0.00583
77,-0.04716,1.19958,-0.04114
77.02,-0.06236,1.14519,-0.01289
77.04,-0.06459,1.13623,0.06955
77.06,-0.04734,1.12303,0.12174
77.08,-0.0898,1.05707,0.12946
77.1,-0.08878,1.02008,0.1227
77.12,-0.10994,1.0289,0.1847
77.14,-0.16695,0.98028,0.15791
77.16,-0.13649,0.94081,0.1485
77.18,-0.19072,0.83878,0.15721
77.2,-0.2019,0.84252,0.16927
77.22,-0.27179,0.79165,0.19049
77.24,-0.20676,0.74051,0.2148
77.26,-0.2437,0.66916,0.154
77.28,-0.27082,0.55857,0.17541
77.3,-0.23549,0.60347,0.21861
77.32,-0.26944,0.53032,0.22587
77.34,-0.29307,0.53437,0.21909
77.36,-0.31682,0.47788,0.19286
77.38,-0.36143,0.41215,0.1714
77.4,-0.322,0.3096,0.11932
77.42,-0.36696,0.22441,0.04888
77.44,-0.31333,0.20937,0.08692
77.46,-0.37856,0.22751,-0.00105
77.48,-0.37081,0.18517,-0.04672
77.5,-0.40205,0.16874,-0.12213
77.52,-0.43942,0.11218,-0.18321
77.54,-0.43432,0.06267,-0.23256
77.56,-0.45539,0.02874,-0.28932
77.58,-0.43207,0.04505,-0.30906
77.6,-0.49259,0.12133,-0.34005
77.62,-0.5448,0.18683,-0.38113
77.64,-0.53805,0.26448,-0.35317
77.66,-0.52398,0.3036,-0.41478
77.68,-0.52261,0.2896,-0.46542
77.7,-0.51536,0.33128,-0.40238
77.72,-0.53709,0.47817,-0.41697
77.74,-0.46117,0.51723,-0.37433
77.76,-0.53301,0.60815,-0.44286
77.78,-0.33297,0.70721,-0.33135
77.8,-0.36161,0.68265,-0.4222
77.82,-0.20063,0.8105,-0.40219
77.84,-0.17575,0.93243,-0.38003
77.86,-0.21293,0.96573,-0.39434
77.88,-0.24738,1.05807,-0.42062
77.9,-0.27345,1.11648,-0.41011
77.92,-0.31039,1.23259,-0.42786
77.94,-0.24107,1.20765,-0.43781
77.96,-0.23046,1.29267,-0.47465
77.98,-0.09411,1.40127,-0.43886
78,-0.17122,1.39829,-0.49318
78.02,-0.02396,1.58757,-0.39027
78.04,-0.03989,1.4962,-0.40946
78.06,-0.01018,1.56506,-0.35795
78.08,0.01245,1.68393,-0.39528
78.1,0.01299,1.7098,-0.27015
78.12,0.03973,1.88922,-0.23969
78.14,0.16289,1.89924,-0.2313
78.16,0.13621,2.12173,-0.13837
78.18,0.12444,2.12667,-0.09787
78.2,0.1596,2.16981,0.03477
78.22,0.19138,2.26837,-0.03812
78.24,0.17615,2.23839,0.06885
78.26,0.03737,2.49194,0.14056
78.28,0.04067,2.55802,0.19857
78.3,0.05442,2.58942,0.31306
78.32,0.10108,2.69785,0.21302
78.34,0.16061,2.56297,0.28557
78.36,0.0906,2.74344,0.33113
78.38,0.16298,2.6456,0.32279
78.4,0.16229,2.81118,0.447
78.42,0.19561,2.87714,0.35825
78.44,0.18301,2.74693,0.40321
78.46,0.13152,2.82691,0.30846
78.48,0.21938,2.85349,0.28363
78.5,0.09886,2.85875,0.29256
78.52,0.09213,3.03532,0.2798
78.54,0.15249,2.90815,0.34473
78.56,0.02659,3.12464,0.26121
78.58,0.08192,3.01568,0.22184
78.6,0.05169,3.08886,0.23622
78.62,0.07172,3.09152,0.24736
78.64,-0.03238,3.06339,0.25303
78.66,-0.08552,3.20387,0.21008
78.68,-0.08647,3.27695,0.27283
78.7,-0.05936,3.22975,0.25696
78.72,0.05241,3.23102,0.16924
78.74,0.13048,3.13459,0.15026
78.76,0.05983,3.27012,0.13661
78.78,0.16306,3.16342,0.20527
78.8,0.12183,3.29734,0.17457
78.82,0.11709,3.26586,0.16633
78.84,0.06753,3.23159,-0.05376
78.86,0.1473,3.26506,-0.06959
78.88,0.17552,3.30809,-0.0433
78.9,0.22692,3.32281,0.00862
78.92,0.19677,3.32476,0.01174
78.94,0.24335,3.36781,0.0077
78.96,0.23495,3.35207,0.00875
78.98,0.2322,3.38015,0.01524
79,0.22219,3.42101,-0.01091
79.02,0.25436,3.36791,-0.00438
79.04,0.24408,3.42722,0.01863
79.06,0.19953,3.46752,0.0932
79.08,0.13802,3.43348,0.15325
79.1,0.17785,3.42821,0.18267
79.12,0.14617,3.4122,0.02354
79.14,0.18113,3.42775,0.02309
79.16,0.20997,3.39892,0.08541
79.18,0.31139,3.36782,0.11756
79.2,0.30379,3.27714,0.07276
79.22,0.30048,3.32938,0.1361
79.24,0.24795,3.3047,0.22175
79.26,0.2783,3.31447,0.24735
79.28,0.34421,3.25514,0.25557
79.3,0.41714,3.35211,0.26356
79.32,0.3457,3.3263,0.27597
79.34,0.3935,3.23218,0.33632
79.36,0.43121,3.04754,0.32665
79.38,0.39169,3.06105,0.26962
79.4,0.29687,3.00757,0.32924
79.42,0.28203,3.09081,0.38958
79.44,0.27733,2.96446,0.37762
79.46,0.28456,2.95279,0.28737
79.48,0.29873,2.85205,0.22815
79.5,0.30608,2.78323,0.17449
79.52,0.24526,2.65982,0.15134
79.54,0.26772,2.59543,0.15608
79.56,0.21845,2.58231,0.19258
79.58,0.16439,2.61387,0.23707
79.6,0.12824,2.57117,0.26964
79.62,0.12639,2.52781,0.20663
79.64,0.15061,2.46261,0.17977
79.66,0.19771,2.4043,0.16089
79.68,0.22674,2.36874,0.17401
79.7,0.22307,2.2867,0.1931
79.72,0.21715,2.26739,0.21107
79.74,0.22787,2.2471,0.22978
79.76,0.21775,2.19426,0.21022
79.78,0.23861,2.19536,0.20919
79.8,0.23661,2.16425,0.20746
79.82,0.24809,2.14086,0.19939
79.84,0.25595,2.0994,0.2044
79.86,0.2459,1.99285,0.19671
79.88,0.26,1.99183,0.20178
79.9,0.2676,1.91933,0.17457
79.92,0.28385,1.92947,0.17798
79.94,0.28902,1.8816,0.21437
79.96,0.31112,1.79441,0.22464
79.98,0.32527,1.72882,0.25824
80,0.30149,1.66764,0.20963
80.02,0.30029,1.6334,0.18226
80.04,0.30508,1.55428,0.1885
80.06,0.33342,1.5256,0.19527
80.08,0.38884,1.47669,0.20484
80.1,0.34444,1.33866,0.16048
80.12,0.3128,1.26755,0.16482
80.14,0.21175,1.20302,0.14118
80.16,0.16041,1.22426,0.14358
80.18,0.08264,1.20955,0.14946
80.2,0.0592,1.17736,0.07358
80.22,0.02154,1.10255,0.06725
80.24,-0.02674,1.07768,0.06922
80.26,-0.01102,1.03544,0.05467
80.28,-0.073,0.94202,-0.01974
80.3,-0.15683,0.91115,-0.01545
80.32,-0.1265,0.93088,-0.00053
80.34,-0.1165,0.90751,0.02324
80.36,-0.068,0.88579,0.02403
80.38,-0.04061,0.79435,0.0217
80.4,-0.0057,0.71238,-0.02762
80.42,0.01938,0.71602,0.00448
80.44,0.02617,0.71604,0.00807
80.46,0.04108,0.65509,-0.01293
80.48,-0.04349,0.62333,-0.00972
80.5,-0.03678,0.66113,0.01037
80.52,0.00555,0.62556,-0.03035
80.54,-0.09807,0.65013,-0.02715
80.56,-0.09203,0.6339,-0.0242
80.58,-0.0541,0.64782,-0.02636
80.6,-0.05221,0.62381,-0.0478
80.62,-0.07204,0.64902,-0.09153
80.64,-0.12749,0.64227,-0.07614
80.66,-0.14085,0.62109,-0.0972
80.68,-0.18616,0.68509,-0.05673
80.7,-0.16989,0.65466,-0.11823
80.72,-0.23575,0.70463,-0.11023
80.74,-0.27563,0.71857,-0.11774
80.76,-0.16989,0.77773,-0.18505
80.78,-0.22534,0.75949,-0.21358
80.8,-0.21914,0.79275,-0.27741
80.82,-0.28805,0.8407,-0.25056
80.84,-0.32367,0.88276,-0.19168
80.86,-0.27335,0.96655,-0.20857
80.88,-0.29038,0.96282,-0.17847
80.9,-0.25864,1.06609,-0.23181
80.92,-0.26141,1.14881,-0.16306
80.94,-0.22407,1.2028,-0.17526
80.96,-0.19656,1.25581,-0.12886
80.98,-0.27724,1.23083,-0.07007
81,-0.21798,1.35213,-0.08413
81.02,-0.31878,1.37023,-0.02088
81.04,-0.27094,1.47672,-0.01939
81.06,-0.25051,1.55111,-0.02274
81.08,-0.3278,1.5585,0.01277
81.1,-0.31625,1.72217,-0.02587
81.12,-0.3313,1.67148,0.00853
81.14,-0.35641,1.76869,0.06108
81.16,-0.34745,1.73522,0.07251
81.18,-0.39545,1.79005,0.06504
81.2,-0.35804,1.88707,0.04942
81.22,-0.3433,1.91572,0.07114
81.24,-0.27229,1.97136,0.11841
81.26,-0.23396,1.93933,0.08103
81.28,-0.31951,1.9494,0.07681
81.3,-0.29634,1.96364,0.02708
81.32,-0.32967,1.91167,0.03485
81.34,-0.31599,1.96057,0.06795
81.36,-0.23915,1.98063,-0.00174
81.38,-0.27011,2.07074,0.01036
81.4,-0.23742,2.08053,0.00934
81.42,-0.23684,2.08497,0.07019
81.44,-0.31254,2.09703,0.11317
81.46,-0.33285,2.11215,0.05843
81.48,-0.41581,2.14288,0.01201
81.5,-0.31799,2.14835,0.00994
81.52,-0.30822,2.23621,0.06374
81.54,-0.24282,2.23487,0.11636
81.56,-0.22528,2.24302,0.08315
81.58,-0.23215,2.19744,0.08476
81.6,-0.18096,2.17178,0.03497
81.62,-0.16582,2.21825,0.0294
81.64,-0.20488,2.21987,0.0057
81.66,-0.17575,2.20304,-0.03061
81.68,-0.16779,2.15711,-0.03731
81.7,-0.12933,2.14472,-0.00784
81.72,-0.05434,2.15029,-0.00512
81.74,-0.05829,2.12685,-0.05235
81.76,-0.09687,2.18271,-0.06898
81.78,-0.12531,2.21157,-0.06166
81.8,-0.08425,2.16996,-0.08999
81.82,-0.08982,2.14047,-0.1336
81.84,-0.11883,2.21999,-0.12557
81.86,-0.09668,2.17462,-0.14327
81.88,-0.09767,2.2182,-0.12706
81.9,-0.13333,2.2388,-0.17632
81.92,-0.10859,2.28563,-0.15663
81.94,-0.18824,2.32568,-0.1578
81.96,-0.16502,2.31286,-0.16693
81.98,-0.11156,2.32562,-0.17829
82,-0.0619,2.3277,-0.1782
82.02,-0.07982,2.38994,-0.12649
82.04,-0.09168,2.43932,-0.07492
82.06,-0.07263,2.3549,-0.10263
82.08,-0.07754,2.49267,-0.08897
82.1,-0.0852,2.51227,-0.11518
82.12,-0.03237,2.53108,-0.04482
82.14,-0.01805,2.59639,-0.04375
82.16,0.01574,2.54499,-0.08044
82.18,-0.03078,2.60718,-0.03338
82.2,-0.07597,2.71498,-0.00051
82.22,-0.12301,2.66833,-0.03944
82.24,-0.19138,2.856,0.02294
82.26,-0.21552,2.84659,0.0306
82.28,-0.19012,2.9119,-0.00722
82.3,-0.17822,2.8232,0.00714
82.32,-0.17999,2.95739,-0.00701
82.34,-0.13119,2.94432,0.05905
82.36,-0.13363,2.89703,-0.05254
82.38,-0.11947,3.08991,0.05505
82.4,-0.03887,2.99658,-0.00657
82.42,-0.06294,3.04588,-0.01413
82.44,-0.14039,3.13072,0.05913
82.46,-0.09474,3.18455,0.05225
82.48,-0.05007,3.10066,0.08384
82.5,-0.14001,3.27665,0.11607
82.52,-0.13178,3.3671,0.23721
82.54,-0.12491,3.38795,0.30387
82.56,-0.18051,3.44246,0.26407
82.58,-0.23717,3.53497,0.33394
82.6,-0.23905,3.49967,0.32346
82.62,-0.27825,3.55201,0.35264
82.64,-0.28143,3.57347,0.39906
82.66,-0.1059,3.52665,0.31482
82.68,-0.18505,3.4565,0.30292
82.7,-0.27406,3.65053,0.35169
82.72,-0.13609,3.52177,0.4035
82.74,-0.17622,3.54815,0.24923
82.76,-0.23656,3.4509,0.18776
82.78,-0.23365,3.55144,0.26353
82.8,-0.31767,3.51526,0.33532
82.82,-0.26723,3.46954,0.33992
82.84,-0.29592,3.64348,0.34422
82.86,-0.32714,3.42314,0.31432
82.88,-0.49309,3.70079,0.50999
82.9,-0.34154,3.44059,0.36433
82.92,-0.21966,3.37891,0.21828
82.94,-0.33431,3.29223,0.13914
82.96,-0.3162,3.26784,0.24795
82.98,-0.37179,3.33694,0.38223
83,-0.36164,3.14693,0.2201
83.02,-0.31092,3.21689,0.21283
83.04,-0.38937,3.1764,0.21366
83.06,-0.46547,3.01659,0.28857
83.08,-0.4017,3.25286,0.31373
83.1,-0.2532,2.9634,0.16901
83.12,-0.44023,3.21,0.33338
83.14,-0.43797,3.15727,0.50929
83.16,-0.49141,3.18752,0.51928
83.18,-0.50571,3.16695,0.48944
83.2,-0.38913,3.04454,0.41372
83.22,-0.46639,3.04755,0.52855
83.24,-0.34681,2.96801,0.52858
83.26,-0.36846,2.87159,0.50773
83.28,-0.2261,2.90027,0.43915
83.3,-0.21386,2.64379,0.39604
83.32,-0.29403,2.68077,0.40577
83.34,-0.16459,2.5543,0.40289
83.36,-0.29212,2.48009,0.30781
83.38,-0.26251,2.5055,0.39858
83.4,-0.28093,2.38532,0.42302
83.42,-0.29846,2.35504,0.36996
83.44,-0.20051,2.30038,0.29235
83.46,-0.24608,2.20089,0.23398
83.48,-0.18037,2.16111,0.22319
83.5,-0.28494,2.05876,0.18117
83.52,-0.24351,2.0701,0.22202
83.54,-0.29378,1.89135,0.13667
83.56,-0.28265,1.85839,0.13364
83.58,-0.31452,1.83865,0.22797
83.6,-0.16661,1.72463,0.1338
83.62,-0.155,1.61317,0.04301
83.64,-0.09725,1.5672,0.00731
83.66,-0.12002,1.59494,0.08204
83.68,-0.14912,1.4899,0.14905
83.7,-0.15257,1.4757,0.13031
83.72,-0.08392,1.36585,0.18183
83.74,-0.15637,1.32998,0.11787
83.76,-0.11228,1.31511,0.18444
83.78,-0.21572,1.27974,0.13143
83.8,-0.10611,1.26509,0.04021
83.82,-0.21441,1.10535,0.07792
83.84,-0.1334,1.16723,0.05573
83.86,-0.18628,1.0484,0.1133
83.88,-0.20849,1.02909,0.02471
83.9,-0.15072,0.95,0.04506
83.92,-0.18778,0.90376,0.03316
83.94,-0.18272,0.91381,0.00073
83.96,-0.17625,0.7863,-0.03873
83.98,-0.1835,0.85211,-0.02873
84,-0.11859,0.68527,-0.04898
84.02,-0.10885,0.6437,0.00701
84.04,-0.0873,0.64009,0.01517
84.06,-0.09932,0.60201,0.05176
84.08,-0.08943,0.57011,0.04442
84.1,-0.04515,0.5012,0.03579
84.12,-0.08484,0.4884,0.02838
84.14,-0.07804,0.48659,-0.02578
84.16,-0.0375,0.4363,-0.00704
84.18,-0.01768,0.41979,-0.02105
84.2,0.07552,0.35053,-0.04976
84.22,0.08126,0.3138,-0.05013
84.24,0.0933,0.32326,-0.12476
84.26,0.10821,0.31384,-0.13081
84.28,0.10351,0.27382,-0.16135
84.3,0.17298,0.28593,-0.16531
84.32,0.20214,0.26061,-0.14727
84.34,0.26362,0.25868,-0.19647
84.36,0.3462,0.27302,-0.14875
84.38,0.33095,0.2265,-0.14946
84.4,0.39658,0.30749,-0.12791
84.42,0.36405,0.23913,-0.09509
84.44,0.39361,0.34566,-0.14207
84.46,0.40311,0.27172,-0.09644
84.48,0.41736,0.31818,-0.12913
84.5,0.43484,0.32539,-0.12027
84.52,0.40014,0.33508,-0.13443
84.54,0.36246,0.38367,-0.15386
84.56,0.33627,0.42136,-0.13372
84.58,0.26923,0.41316,-0.18867
84.6,0.2568,0.48726,-0.16753
84.62,0.18672,0.45182,-0.17486
84.64,0.19964,0.53627,-0.19048
84.66,0.16546,0.49906,-0.17495
84.68,0.16476,0.58233,-0.22324
84.7,0.13069,0.55608,-0.19473
84.72,0.1095,0.57887,-0.21314
84.74,0.0966,0.59503,-0.19192
84.76,0.05478,0.58454,-0.13769
84.78,0.02801,0.62298,-0.14832
84.8,0.02737,0.59904,-0.08673
84.82,0.01606,0.60161,-0.13289
84.84,0.07723,0.60135,-0.10046
84.86,0.04672,0.5903,-0.08967
84.88,0.08465,0.62927,-0.0531
84.9,0.05105,0.60041,-0.04513
84.92,0.06793,0.63063,-0.02716
84.94,0.04823,0.60714,-0.01266
84.96,0.01959,0.58658,-0.03647
84.98,0.02575,0.5668,-0.06075
85,0.02169,0.55948,-0.06293
85.02,0.01865,0.55259,-0.06932
85.04,0.01946,0.56103,-0.07031
85.06,-0.01247,0.5667,-0.05425
85.08,-0.01365,0.54348,-0.08961
85.1,-0.02358,0.54634,-0.07839
85.12,-0.035,0.53476,-0.08631
85.14,-0.03211,0.56306,-0.10754
85.16,-0.03635,0.53259,-0.10037
85.18,0.01231,0.55796,-0.09615
85.2,-0.00009,0.5596,-0.08653
85.22,-0.00742,0.55433,-0.10936
85.24,-0.03079,0.58432,-0.12138
85.26,-0.04196,0.58649,-0.10567
85.28,-0.04889,0.61345,-0.1193
85.3,-0.06264,0.59347,-0.12609
85.32,-0.07779,0.60667,-0.15166
85.34,-0.08815,0.58203,-0.15066
85.36,-0.08317,0.57638,-0.14484
85.38,-0.04853,0.55882,-0.15868
85.4,-0.07678,0.59158,-0.16505
85.42,-0.05476,0.59488,-0.17983
85.44,-0.06433,0.60267,-0.18668
85.46,-0.04195,0.64553,-0.14852
85.48,-0.02654,0.60145,-0.18742
85.5,-0.04407,0.60755,-0.19837
85.52,-0.01476,0.62431,-0.21072
85.54,-0.02867,0.6384,-0.2495
85.56,0.00108,0.66864,-0.23086
85.58,0.00191,0.68099,-0.25285
85.6,-0.0014,0.76227,-0.2466
85.62,0.01705,0.71036,-0.24843
85.64,0.02985,0.78133,-0.24553
85.66,0.04203,0.74667,-0.26637
85.68,0.03311,0.80667,-0.28859
85.7,0.0182,0.84429,-0.27315
85.72,0.01854,0.87224,-0.28815
85.74,0.00208,0.91006,-0.27802
85.76,-0.01155,0.93777,-0.26314
85.78,-0.0135,0.98793,-0.27556
85.8,-0.03617,0.97013,-0.29403
85.82,-0.03618,1.00881,-0.2992
85.84,-0.05003,1.06689,-0.30701
85.86,-0.05406,1.07596,-0.32779
85.88,-0.06781,1.16233,-0.30628
85.9,-0.06596,1.14774,-0.32852
85.92,-0.0742,1.21155,-0.32392
85.94,-0.08027,1.25552,-0.2893
85.96,-0.0775,1.29226,-0.31339
85.98,-0.06784,1.31262,-0.29395
86,-0.06818,1.34872,-0.31985
86.02,-0.05225,1.44794,-0.2824
86.04,-0.07795,1.48556,-0.2756
86.06,-0.0466,1.54491,-0.27492
86.08,-0.07203,1.57517,-0.26918
86.1,-0.02938,1.63075,-0.26605
86.12,-0.03553,1.63807,-0.25576
86.14,-0.01243,1.68892,-0.2622
86.16,0.01064,1.70197,-0.28143
86.18,-0.00035,1.79109,-0.25797
86.2,-0.0121,1.80464,-0.25154
86.22,-0.01242,1.89277,-0.2459
86.24,-0.03055,1.90145,-0.24616
86.26,-0.03202,1.96941,-0.22013
86.28,-0.05236,2.01031,-0.14592
86.3,-0.04101,2.06292,-0.11681
86.32,-0.05723,2.07263,-0.05835
86.34,-0.06428,2.14544,-0.05771
86.36,-0.05442,2.15836,-0.01027
86.38,-0.07414,2.23463,0.04591
86.4,-0.05098,2.22257,0.07098
86.42,-0.03841,2.29972,0.13801
86.44,-0.05036,2.25696,0.16861
86.46,-0.0327,2.29745,0.18192
86.48,-0.01553,2.27794,0.21574
86.5,-0.02657,2.29158,0.17305
86.52,0.00075,2.31435,0.23587
86.54,-0.00219,2.29811,0.2272
86.56,0.02581,2.27762,0.22687
86.58,0.03191,2.25763,0.26822
86.6,0.06108,2.20686,0.23983
86.62,0.08013,2.17299,0.28354
86.64,0.0808,2.13807,0.28189
86.66,0.0883,2.12398,0.30968
86.68,0.05689,2.06605,0.32564
86.7,0.05385,2.02214,0.29787
86.72,0.06994,1.92666,0.32548
86.74,0.05603,1.83228,0.31016
86.76,0.08806,1.75661,0.32018
86.78,0.09153,1.65914,0.36527
86.8,0.08144,1.61822,0.37604
86.82,0.08056,1.48989,0.38522
86.84,0.05851,1.45493,0.39745
86.86,0.08131,1.29818,0.36685
86.88,0.08627,1.22903,0.3647
86.9,0.12018,1.11116,0.37378
86.92,0.10981,0.96947,0.32742
86.94,0.07151,0.89872,0.34377
86.96,0.06054,0.80895,0.29647
86.98,0.04424,0.75279,0.29151
87,0.01071,0.65453,0.24386
87.02,0.02642,0.54988,0.19168
87.04,0.01257,0.4726,0.15375
87.06,0.00845,0.39878,0.14394
87.08,-0.0121,0.3347,0.10102
87.1,0.00033,0.24861,0.07631
87.12,-0.01221,0.15334,0.03772
87.14,0.00632,0.17321,0.05667
87.16,0.02528,0.09544,-0.00025
87.18,0.02201,0.0816,-0.02048
87.2,0.0203,0.01387,-0.04646
87.22,0.05849,-0.01447,-0.05392
87.24,0.05089,-0.06076,-0.09996
87.26,0.03142,-0.08022,-0.09531
87.28,0.04418,-0.14718,-0.14926
87.3,0.04404,-0.16264,-0.15781
87.32,0.02543,-0.18624,-0.17279
87.34,0.05431,-0.19222,-0.20431
87.36,0.04053,-0.25538,-0.2215
87.38,0.04506,-0.26015,-0.25206
87.4,0.04604,-0.28747,-0.27247
87.42,0.02582,-0.26549,-0.26665
87.44,-0.0144,-0.22553,-0.2875
87.46,-0.04035,-0.21121,-0.28005
87.48,-0.05212,-0.17522,-0.29817
87.5,-0.06754,-0.13641,-0.27886
87.52,-0.07095,-0.10693,-0.29791
87.54,-0.08031,-0.08575,-0.28484
87.56,-0.10193,-0.04909,-0.29913
87.58,-0.08972,-0.00105,-0.26577
87.6,-0.06155,0.02772,-0.27993
87.62,-0.01572,0.02965,-0.24184
87.64,-0.01345,-0.02749,-0.29109
87.66,0.00607,-0.03007,-0.25918
87.68,-0.00907,-0.05455,-0.28174
87.7,0.00087,0.01737,-0.24646
87.72,-0.0262,0.01512,-0.29026
87.74,-0.03379,0.04312,-0.28189
87.76,-0.03155,0.04739,-0.30303
87.78,-0.01684,0.10124,-0.29767
87.8,-0.02991,0.11774,-0.3314
87.82,-0.03702,0.15292,-0.29047
87.84,-0.08105,0.16386,-0.30806
87.86,-0.07614,0.2156,-0.28808
87.88,-0.08076,0.19783,-0.32404
87.9,-0.03734,0.25721,-0.29865
87.92,-0.01234,0.22429,-0.33231
87.94,0.03011,0.26361,-0.31389
87.96,0.04199,0.25406,-0.29317
87.98,0.0288,0.29947,-0.28069
88,0.01679,0.29715,-0.23875
88.02,0.01793,0.31736,-0.25139
88.04,-0.00113,0.32663,-0.24499
88.06,-0.01187,0.33889,-0.27681
88.08,-0.00023,0.40838,-0.23583
88.1,0.00456,0.46276,-0.21889
88.12,-0.01229,0.53221,-0.1804
88.14,-0.05108,0.53585,-0.16416
88.16,-0.10405,0.55666,-0.15505
88.18,-0.13361,0.58178,-0.14642
88.2,-0.15396,0.64852,-0.11808
88.22,-0.18524,0.70287,-0.1385
88.24,-0.20055,0.71749,-0.11182
88.26,-0.22727,0.75997,-0.09943
88.28,-0.22141,0.81626,-0.04967
88.3,-0.2493,0.85682,-0.03909
88.32,-0.26726,0.88376,-0.01186
88.34,-0.2803,0.89889,-0.02701
88.36,-0.26993,0.93944,-0.02534
88.38,-0.24807,0.95465,-0.04078
88.4,-0.23291,1.02026,-0.02208
88.42,-0.18425,0.99481,-0.02485
88.44,-0.14893,1.02199,0.00401
88.46,-0.13803,1.05539,0.00324
88.48,-0.08447,1.08464,0.00665
88.5,-0.07791,1.08711,0.00645
88.52,-0.09219,1.15404,-0.01555
88.54,-0.07164,1.20687,0.00529
88.56,-0.07701,1.20748,-0.03743
88.58,-0.06205,1.28937,-0.02111
88.6,-0.04787,1.30581,0.01759
88.62,0.00429,1.38358,0.00468
88.64,0.02198,1.38539,0.01579
88.66,0.09869,1.42859,0.02345
88.68,0.20524,1.38671,0.00593
88.7,0.16267,1.45064,0.04849
88.72,0.16035,1.52558,0.07719
88.74,0.22027,1.52223,0.10588
88.76,0.17134,1.56446,0.07179
88.78,0.17544,1.61468,0.10356
88.8,0.18532,1.62286,0.09789
88.82,0.28497,1.75365,0.14412
88.84,0.35039,1.65021,0.11167
88.86,0.36446,1.73758,0.09624
88.88,0.23648,1.67863,0.06831
88.9,0.1049,1.84106,0.05737
88.92,0.11223,1.86348,0.02186
88.94,0.09246,1.94383,-0.02528
88.96,0.04609,1.98338,0.02021
88.98,0.09238,2.04428,0.06426
89,0.14188,2.09984,0.07212
89.02,0.17581,2.11876,0.06144
89.04,0.16296,2.09596,0.01973
89.06,0.0754,2.1872,0.07656
89.08,0.07833,2.23367,0.08438
89.1,0.08447,2.34662,0.13043
89.12,0.10016,2.34598,0.18908
89.14,0.07443,2.37674,0.18338
89.16,0.08715,2.36565,0.28531
89.18,0.1452,2.41159,0.21167
89.2,0.16154,2.35732,0.2019
89.22,0.17353,2.33656,0.24009
89.24,0.11447,2.34771,0.2911
89.26,-0.00083,2.3385,0.28858
89.28,-0.0181,2.33138,0.27592
89.3,-0.08046,2.29538,0.29974
89.32,-0.01011,2.25588,0.32356
89.34,0.03396,2.16622,0.31539
89.36,0.09031,2.099,0.33222
89.38,0.12851,2.04961,0.29099
89.4,0.08684,1.91662,0.30852
89.42,0.06907,1.83245,0.28308
89.44,0.00448,1.73273,0.27568
89.46,-0.00986,1.67513,0.2525
89.48,-0.06132,1.62548,0.26496
89.5,-0.11859,1.52032,0.2673
89.52,-0.11888,1.45109,0.25899
89.54,-0.22502,1.34994,0.20425
89.56,-0.31091,1.3298,0.18341
89.58,-0.37047,1.2462,0.18449
89.6,-0.446,1.10549,0.08401
89.62,-0.51559,1.10229,0.07039
89.64,-0.59783,1.09944,0.04348
89.66,-0.64735,1.10052,0.00744
89.68,-0.69419,1.05383,-0.0334
89.7,-0.74946,1.06783,-0.09177
89.72,-0.81959,1.14626,-0.1744
89.74,-0.93757,1.1551,-0.26257
89.76,-0.90906,1.18798,-0.35546
89.78,-0.95852,1.21415,-0.38501
89.8,-1.02364,1.32979,-0.36147
89.82,-1.05431,1.41903,-0.39566
89.84,-1.04418,1.427,-0.38611
89.86,-1.0096,1.55223,-0.39715
89.88,-1.00194,1.71236,-0.40956
89.9,-0.95654,1.79861,-0.43515
89.92,-0.90931,1.85163,-0.44767
89.94,-0.87538,1.90969,-0.37843
89.96,-0.89108,2.07235,-0.35373
89.98,-0.97578,2.09883,-0.29533
90,-0.95331,2.21032,-0.31521
90.02,-0.82858,2.2228,-0.39334
90.04,-0.72688,2.33789,-0.29701
90.06,-0.70591,2.57775,-0.28927
90.08,-0.72899,2.55365,-0.21559
90.1,-0.66355,2.56148,-0.20599
90.12,-0.71303,2.60417,-0.14956
90.14,-0.66838,2.70558,-0.11011
90.16,-0.54927,2.79612,-0.1162
90.18,-0.58983,2.76545,-0.1195
90.2,-0.51269,2.91701,-0.04162
90.22,-0.43858,2.94684,-0.02111
90.24,-0.51817,2.92316,0.06562
90.26,-0.53014,3.04422,0.10606
90.28,-0.4199,2.89632,0.13185
90.3,-0.42961,3.02625,0.118
90.32,-0.36539,2.95962,0.15297
90.34,-0.31487,3.01254,0.14808
90.36,-0.27127,2.96163,0.27467
90.38,-0.38269,2.9208,0.26407
90.4,-0.23547,2.91407,0.32527
90.42,-0.17297,2.91772,0.31107
90.44,-0.0836,2.87023,0.336
90.46,-0.00725,2.86899,0.27649
90.48,-0.07507,2.75011,0.25331
90.5,-0.14042,2.81008,0.27083
90.52,-0.16389,2.75556,0.26622
90.54,-0.28698,2.8045,0.26989
90.56,-0.23292,2.75978,0.29973
90.58,-0.28727,2.72549,0.13004
90.6,-0.16928,2.69082,0.12955
90.62,-0.11871,2.6595,0.0957
90.64,-0.15672,2.62955,0.08463
90.66,-0.22146,2.56619,0.08678
90.68,-0.27547,2.6143,0.06647
90.7,-0.25961,2.61881,0.07193
90.72,-0.31835,2.64811,0.05763
90.74,-0.21741,2.57385,0.10714
90.76,-0.20172,2.5597,0.04785
90.78,-0.17984,2.52492,0.02095
90.8,-0.12396,2.49129,0.03757
90.82,-0.14407,2.49588,-0.00536
90.84,-0.13889,2.47701,0.05876
90.86,-0.10415,2.48286,0.03768
90.88,-0.10395,2.5224,0.0905
90.9,-0.09141,2.48695,0.10236
90.92,-0.08287,2.53305,0.12656
90.94,-0.10555,2.45166,0.02759
90.96,-0.18608,2.57018,-0.01613
90.98,-0.15838,2.54313,0.02472
91,-0.22697,2.57792,-0.05119
91.02,-0.18494,2.58819,-0.03842
91.04,-0.20153,2.63499,0.0103
91.06,-0.12826,2.68383,0.00694
91.08,-0.1443,2.61711,0.02624
91.1,-0.12328,2.60376,-0.06042
91.12,-0.06644,2.67395,-0.03848
91.14,-0.08699,2.61788,-0.07735
91.16,-0.03787,2.64825,-0.00331
91.18,0.02472,2.52521,-0.03467
91.2,0.00271,2.58916,-0.04095
91.22,0.04125,2.62494,0.03846
91.24,-0.06163,2.68249,0.02205
91.26,-0.01231,2.67313,0.0446
91.28,-0.126,2.66134,-0.02964
91.3,-0.08896,2.6749,-0.07514
91.32,-0.10805,2.75587,-0.04788
91.34,-0.14601,2.76192,-0.02427
91.36,-0.08956,2.83651,-0.03114
91.38,-0.16266,2.84741,0.00084
91.4,-0.22552,2.98954,0.04876
91.42,-0.21059,3.04346,0.1123
91.44,-0.30797,3.02261,0.07883
91.46,-0.22259,3.0261,0.13709
91.48,-0.25,3.08715,0.13682
91.5,-0.16903,3.15095,0.21677
91.52,-0.19999,3.17981,0.24646
91.54,-0.22249,3.25972,0.24797
91.56,-0.26321,3.20628,0.24509
91.58,-0.39016,3.25766,0.30609
91.6,-0.23086,3.2506,0.33278
91.62,-0.17957,3.21345,0.31153
91.64,-0.16077,3.20736,0.32583
91.66,0.04979,3.20226,0.34436
91.68,-0.0193,3.17298,0.31906
91.7,0.06764,3.05548,0.34055
91.72,-0.03546,3.14501,0.34558
91.74,-0.03432,3.13387,0.43731
91.76,-0.17512,3.08068,0.47986
91.78,-0.12939,3.14227,0.57477
91.8,-0.15162,3.06091,0.54469
91.82,-0.31922,3.01036,0.52218
91.84,-0.43478,2.96417,0.51871
91.86,-0.39184,2.84748,0.53181
91.88,-0.55255,2.82763,0.68506
91.9,-0.66453,2.79527,0.7705
91.92,-0.76577,2.8219,0.8051
91.94,-0.93275,2.56868,0.72674
91.96,-0.91725,2.53497,0.65237
91.98,-0.82078,2.25676,0.62351
92,-0.87895,2.10256,0.53059
92.02,-0.78582,1.88827,0.54839
92.04,-0.76478,1.81202,0.54597
92.06,-0.77508,1.61989,0.59336
92.08,-0.86661,1.52301,0.54703
92.1,-0.96136,1.38155,0.41938
92.12,-0.96916,1.24692,0.32106
92.14,-0.98527,1.0381,0.28463
92.16,-0.87075,0.9123,0.3
92.18,-0.97594,0.73281,0.27182
92.2,-0.97351,0.75395,0.25804
92.22,-0.97803,0.61966,0.20048
92.24,-0.94411,0.58791,0.11445
92.26,-0.99006,0.4822,-0.01107
92.28,-0.87507,0.49366,-0.10722
92.3,-0.88191,0.43442,-0.23819
92.32,-0.77163,0.38801,-0.29665
92.34,-0.66178,0.39151,-0.33605
92.36,-0.65456,0.39848,-0.42226
92.38,-0.55801,0.41781,-0.45114
92.4,-0.44022,0.45659,-0.44466
92.42,-0.3745,0.53087,-0.41073
92.44,-0.28529,0.6685,-0.33571
92.46,-0.2947,0.81374,-0.26973
92.48,-0.24736,0.87545,-0.2247
92.5,-0.27198,0.95707,-0.14727
92.52,-0.32821,1.05333,-0.05391
92.54,-0.39677,1.15827,-0.03258
92.56,-0.38012,1.13897,-0.05834
92.58,-0.38887,1.14072,-0.03656
92.6,-0.38966,1.13119,-0.03255
92.62,-0.4178,1.17472,-0.04228
92.64,-0.33095,1.28587,-0.12252
92.66,-0.21947,1.11998,-0.1951
92.68,-0.18149,0.96374,-0.26199
92.7,-0.0462,0.96399,-0.26002
92.72,0.01812,0.85796,-0.32858
92.74,0.04637,0.85659,-0.38779
92.76,0.05973,0.93579,-0.38963
92.78,0.04766,0.91594,-0.34859
92.8,0.0764,0.95459,-0.35572
92.82,0.0648,1.00388,-0.39159
92.84,0.0568,1.03402,-0.43029
92.86,0.00845,0.89873,-0.44439
92.88,-0.1282,0.99805,-0.48788
92.9,-0.12925,1.02865,-0.52162
92.92,-0.16582,1.05765,-0.56793
92.94,-0.15255,1.08621,-0.55679
92.96,-0.08631,1.07019,-0.5743
92.98,-0.00418,0.92734,-0.58842
93,0.01967,0.97656,-0.62902
93.02,0.00289,1.02125,-0.66022
93.04,-0.01794,1.04334,-0.67557
93.06,-0.01133,1.01673,-0.69375
93.08,-0.09207,1.00755,-0.70942
93.1,-0.10372,1.03886,-0.73427
93.12,-0.10272,1.03704,-0.76638
93.14,-0.11742,1.04193,-0.79034
93.16,-0.12721,1.04322,-0.85631
93.18,-0.11847,0.99732,-0.88006
93.2,-0.12357,1.00961,-0.94181
93.22,-0.109,1.00438,-0.96861
93.24,-0.11378,0.99155,-0.98311
93.26,-0.09009,0.99071,-1.02156
93.28,-0.10806,0.99774,-1.02701
93.3,-0.09405,0.99852,-1.02441
93.32,-0.08453,0.99722,-1.00729
93.34,-0.10392,1.02272,-0.99487
93.36,-0.09641,1.0059,-0.95798
93.38,-0.11598,1.01541,-0.92956
93.4,-0.09597,1.01974,-0.93891
93.42,-0.10166,1.00176,-0.91253
93.44,-0.1078,1.00665,-0.89597
93.46,-0.08152,1.0146,-0.90132
93.48,-0.08901,1.00347,-0.88855
93.5,-0.06555,0.98544,-0.88656
93.52,-0.06844,0.97183,-0.88954
93.54,-0.06935,0.97481,-0.8711
93.56,-0.06107,0.98021,-0.85566
93.58,-0.04823,0.97037,-0.86509
93.6,-0.05257,0.96207,-0.8587
93.62,-0.0675,0.99574,-0.81673
93.64,-0.07508,0.98402,-0.77689
93.66,-0.07624,1.00103,-0.78712
93.68,-0.0838,1.0156,-0.73776
93.7,-0.08993,1.00629,-0.7537
93.72,-0.08654,1.01648,-0.73554
93.74,-0.10604,1.02914,-0.74458
93.76,-0.1097,1.05667,-0.75262
93.78,-0.12952,1.04159,-0.75687
93.8,-0.14323,1.06427,-0.76405
93.82,-0.13488,1.04965,-0.78305
93.84,-0.13747,1.03189,-0.77969
93.86,-0.12644,1.05315,-0.79419
93.88,-0.12758,1.03327,-0.75438
93.9,-0.13411,1.00386,-0.76595
93.92,-0.11061,1.01682,-0.68917
93.94,-0.10561,1.0099,-0.68395
93.96,-0.08512,0.99263,-0.67773
93.98,-0.09321,0.97792,-0.65663
94,-0.0687,0.98484,-0.65934
94.02,-0.08603,0.97023,-0.68508
94.04,-0.07647,1.0142,-0.69024
94.06,-0.08164,0.98024,-0.69913
94.08,-0.08493,0.96255,-0.70014
94.1,-0.07225,1.00542,-0.72798
94.12,-0.07569,0.99679,-0.7423
94.14,-0.06631,0.97438,-0.76682
94.16,-0.06791,0.98123,-0.77458
94.18,-0.06557,1.01458,-0.74154
94.2,-0.04254,0.9733,-0.76727
94.22,-0.06011,0.96964,-0.75412
94.24,-0.04351,0.97123,-0.69704
94.26,-0.05171,0.96427,-0.66582
94.28,-0.04008,0.98592,-0.64555
94.3,-0.04158,0.99317,-0.63753
94.32,-0.03421,0.95611,-0.59013
94.34,-0.03107,0.96431,-0.5532
94.36,-0.03725,0.99093,-0.51801
94.38,-0.04706,0.98944,-0.49168
94.4,-0.04075,0.95478,-0.47189
94.42,-0.05327,0.98539,-0.43841
94.44,-0.03744,0.99789,-0.39956
94.46,-0.04267,1.00032,-0.40758
94.48,-0.03147,0.9765,-0.40641
94.5,-0.04474,0.99093,-0.38871
94.52,-0.03514,1.01427,-0.38281
94.54,-0.05133,1.01371,-0.39253
94.56,-0.05048,1.01154,-0.40005
94.58,-0.0432,1.02097,-0.4094
94.6,-0.04086,1.00953,-0.41237
94.62,-0.02864,1.03626,-0.41863
94.64,-0.025,1.00915,-0.41981
94.66,-0.02103,1.02889,-0.42244
94.68,-0.02224,1.01016,-0.40223
94.7,-0.03475,1.02383,-0.39532
94.72,-0.03182,1.01372,-0.39887
94.74,-0.04708,1.01043,-0.38948
94.76,-0.03915,1.01012,-0.36533
94.78,-0.02664,1.02123,-0.35348
94.8,-0.02768,1.007,-0.33842
94.82,-0.01845,1.00068,-0.32771
94.84,-0.0206,0.99277,-0.30715
94.86,-0.02318,1.01067,-0.29339
94.88,-0.02838,0.99444,-0.28413
94.9,-0.03056,1.00259,-0.28861
94.92,-0.02136,1.00536,-0.26809
94.94,-0.01934,1.01034,-0.26197
94.96,-0.00679,1.00195,-0.26181
94.98,-0.00544,0.99825,-0.26624
95,-0.01363,0.99724,-0.2544
95.02,-0.02235,0.9906,-0.24857
95.04,-0.02852,1.00297,-0.24036
95.06,-0.03702,0.9981,-0.23664
95.08,-0.03359,1.0016,-0.22594
95.1,-0.02885,0.99775,-0.22692
95.12,-0.02372,0.9965,-0.21149
95.14,-0.02141,0.99759,-0.21093
95.16,-0.01715,0.98798,-0.19977
95.18,-0.018,0.99131,-0.18668
95.2,-0.01412,0.99431,-0.17349
95.22,-0.01698,0.99244,-0.16977
95.24,-0.01423,0.99358,-0.15857
95.26,-0.01285,0.99795,-0.1527
95.28,-0.01041,0.99781,-0.1473
95.3,-0.01187,0.99703,-0.14126
95.32,-0.01177,0.99841,-0.13308
95.34,-0.01145,0.99801,-0.12679
95.36,-0.01035,0.99505,-0.12295
95.38,-0.01028,0.99458,-0.11718
95.4,-0.01011,0.9965,-0.11138
95.42,-0.00936,0.99403,-0.10421
95.44,-0.01106,0.99195,-0.09741
95.46,-0.00673,0.99741,-0.09637
95.48,-0.0073,0.99334,-0.09126
95.5,-0.00703,0.99424,-0.0856
95.52,-0.00744,0.99453,-0.0846
95.54,-0.00782,0.9969,-0.08084
95.56,-0.00744,0.99707,-0.07816
95.58,-0.00981,0.99683,-0.07331
95.6,-0.00671,0.9999,-0.07179
95.62,-0.0042,0.99773,-0.06876
95.64,-0.00511,0.9977,-0.06428
95.66,-0.00283,0.99783,-0.06185
95.68,-0.00394,0.99786,-0.05825
95.7,-0.00452,0.99542,-0.05548
95.72,-0.00396,0.99725,-0.05202
95.74,-0.00428,0.99588,-0.05043
95.76,-0.0013,0.99509,-0.04971
95.78,-0.00313,0.99349,-0.04795
95.8,0.00044,0.99495,-0.04633
95.82,-0.00144,0.99291,-0.04509
95.84,-0.00271,0.99385,-0.04145
95.86,-0.00228,0.99409,-0.04045
95.88,-0.00256,0.99537,-0.03814
95.9,-0.0023,0.99529,-0.03667
95.92,-0.00116,0.99544,-0.03364
95.94,-0.00156,0.99375,-0.03157
95.96,-0.00009,0.99428,-0.02935
95.98,-0.002,0.99541,-0.0254
96,-0.00009,0.99588,-0.02309
96.02,-0.00294,0.99655,-0.02031
96.04,-0.00217,0.99684,-0.01822
96.06,-0.00211,0.99713,-0.0159
96.08,-0.00171,0.99721,-0.0147
96.1,-0.00188,0.99578,-0.01289
96.12,-0.00178,0.99614,-0.01076
96.14,-0.0017,0.99616,-0.00981
96.16,-0.00165,0.99619,-0.00962
96.18,-0.00197,0.99636,-0.00812
96.2,-0.00198,0.99549,-0.00774
96.22,-0.00167,0.99515,-0.00689
96.24,-0.00102,0.99406,-0.00559
96.26,-0.0009,0.99384,-0.00517
96.28,-0.00072,0.99412,-0.00526
96.3,-0.00149,0.99415,-0.00468
96.32,-0.00057,0.99416,-0.0042
96.34,-0.001,0.9955,-0.00435
96.36,-0.00054,0.9945,-0.00218
96.38,-0.00119,0.99497,-0.0019
96.4,-0.00037,0.99472,-0.00123
96.42,-0.00062,0.9952,-0.00022
96.44,-0.00101,0.9944,0.00157
96.46,-0.00037,0.99522,0.00133
96.48,-0.00037,0.99519,0.00404
96.5,-0.00156,0.99506,0.00493
96.52,-0.00049,0.99543,0.0082
96.54,-0.0017,0.99638,0.0097
96.56,-0.00095,0.9942,0.01179
96.58,-0.00061,0.9954,0.01247
96.6,-0.00073,0.99441,0.01565
96.62,-0.00079,0.99553,0.01878
96.64,-0.00131,0.9944,0.0217
96.66,0.00018,0.99599,0.02435
96.68,0.00037,0.99523,0.02775
96.7,0.00038,0.99514,0.03001
96.72,0.00239,0.99489,0.03392
96.74,0.0016,0.99417,0.0358
96.76,0.0037,0.99463,0.03946
96.78,0.00207,0.99466,0.04108
96.8,0.00114,0.99625,0.04463
96.82,0.00073,0.99629,0.04659
96.84,-0.00018,0.9956,0.04723
96.86,0.00018,0.99642,0.04927
96.88,0.00093,0.99701,0.05085
96.9,0.00114,0.9968,0.05354
96.92,0.00213,0.99751,0.05666
96.94,0.00267,0.99743,0.05949
96.96,0.00367,0.99736,0.06373
96.98,0.00132,0.99666,0.0664
97,0.00469,0.99803,0.07172
97.02,0.00341,0.99457,0.07465
97.04,0.00533,0.99432,0.07855
97.06,0.00726,0.99675,0.08419
97.08,0.00725,0.99481,0.08993
97.1,0.00817,0.99436,0.0956
97.12,0.00784,0.99275,0.10048
97.14,0.00718,0.99274,0.10511
97.16,0.00601,0.99361,0.10962
97.18,0.00504,0.99528,0.11381
97.2,0.00666,0.99354,0.11697
97.22,0.00655,0.99357,0.12021
97.24,0.00879,0.99484,0.12522
97.26,0.00948,0.99644,0.13041
97.28,0.00875,0.99453,0.13599
97.3,0.0103,0.99411,0.13721
97.32,0.0089,0.99393,0.13778
97.34,0.00858,0.99528,0.1384
97.36,0.00967,0.99611,0.13732
97.38,0.0063,0.99275,0.13587
97.4,0.01076,0.99312,0.13574
97.42,0.0112,0.99514,0.1356
97.44,0.01298,0.99511,0.13467
97.46,0.01173,0.99323,0.12958
97.48,0.01324,0.99322,0.12083
97.5,0.00588,0.9931,0.11956
97.52,0.00873,0.99916,0.11489
97.54,0.00413,0.99804,0.11274
97.56,0.00569,0.99597,0.10583
97.58,0.00572,0.99964,0.10439
97.6,0.00605,1.00293,0.10118
97.62,0.00482,1.00577,0.09573
97.64,0.00341,1.00016,0.09458
97.66,0.00252,0.99808,0.09145
97.68,0.00255,1.00234,0.09032
97.7,-0.00447,1.00675,0.09449
97.72,0.00343,1.00934,0.09176
97.74,-0.00201,1.00517,0.09118
97.76,0.00496,1.00555,0.09242
97.78,0.00809,1.00854,0.09835
97.8,0.01005,1.00367,0.09091
97.82,0.01227,0.99816,0.08556
97.84,0.00848,0.99863,0.09078
97.86,0.00125,0.99825,0.08808
97.88,-0.0034,0.99894,0.08281
97.9,-0.00162,0.99639,0.08226
97.92,0.00566,0.99526,0.0816
97.94,0.00593,0.989,0.07835
97.96,0.00727,0.98753,0.07777
97.98,0.00408,0.98924,0.07503
98,-0.00091,0.99021,0.07134
98.02,-0.00472,0.99328,0.07532
98.04,-0.00085,0.99803,0.07747
98.06,-0.00132,0.98968,0.06944
98.08,0.00877,0.99482,0.06651
98.1,0.00877,0.99579,0.0707
98.12,0.00929,1.00011,0.06984
98.14,0.00534,0.99259,0.06903
98.16,0.00332,0.99588,0.06822
98.18,0.00228,0.99895,0.07045
98.2,0.00231,0.99918,0.06931
98.22,0.00248,0.99713,0.06827
98.24,0.00465,0.99294,0.06912
98.26,0.00322,0.98935,0.07101
98.28,0.00586,0.99537,0.07648
98.3,0.00197,0.99625,0.07836
98.32,0.00499,0.99779,0.07714
98.34,-0.00082,0.99143,0.07823
98.36,0.00404,0.99337,0.07652
98.38,0.00441,0.99171,0.07482
98.4,0.00671,0.99161,0.07317
98.42,0.00467,0.98973,0.07286
98.44,0.00502,0.98805,0.06948
98.46,0.00475,0.98871,0.06233
98.48,0.00659,0.99248,0.06248
98.5,0.00455,0.9907,0.05627
98.52,0.0018,0.98568,0.05598
98.54,0.00009,0.98807,0.05441
98.56,0.00419,0.98959,0.04744
98.58,0.00017,0.99224,0.04666
98.6,-0.00033,0.99362,0.0491
98.62,-0.00316,0.99127,0.04373
98.64,-0.00175,0.99285,0.03898
98.66,-0.00152,0.99762,0.0426
98.68,-0.00226,0.99917,0.04797
98.7,-0.00318,0.9988,0.04529
98.72,-0.00073,0.99909,0.04232
98.74,0.00338,1.00055,0.03853
98.76,-0.00201,0.99648,0.0358
98.78,-0.00191,1.0012,0.03687
98.8,0.00049,0.99728,0.03241
98.82,0.00023,0.99577,0.02327
98.84,0.00345,0.9966,0.01993
98.86,0.00291,0.99632,0.02087
98.88,-0.0032,0.99343,0.01309
98.9,-0.00225,0.99481,0.00612
98.92,-0.00568,0.99555,0.00447
98.94,-0.00869,0.99548,0.00646
98.96,-0.00835,0.99903,0.00537
98.98,-0.00293,0.99799,0.00243
99,-0.00403,0.99415,0.00367
99.02,-0.00674,1.00139,0.00535
99.04,-0.00756,1.00197,0.0096
99.06,-0.00886,1.00109,0.01036
99.08,-0.00903,1.00355,0.00443
99.1,-0.00484,1.00711,0.00865
99.12,-0.0073,1.00324,0.01381
99.14,-0.00862,1.00079,0.00932
99.16,-0.00426,1.00399,0.00324
99.18,-0.00701,1.00074,0.00097
99.2,-0.00475,1.00468,-0.00283
99.22,-0.00599,1.00407,-0.00882
99.24,-0.00622,1.00034,-0.01143
99.26,-0.00434,1.00449,-0.01936
99.28,-0.00534,1.00156,-0.0212
99.3,-0.00417,0.99438,-0.02032
99.32,-0.00246,0.99183,-0.02602
99.34,-0.00327,0.99423,-0.02927
99.36,-0.00276,0.99487,-0.02877
99.38,-0.00682,0.99199,-0.02612
99.4,-0.00461,0.99362,-0.02706
99.42,-0.00489,0.99115,-0.02253
99.44,-0.00366,0.98945,-0.02114
99.46,-0.0026,0.99292,-0.0216
99.48,-0.00221,0.98752,-0.018
99.5,-0.00116,0.99194,-0.01604
99.52,-0.00377,0.99543,-0.01353
99.54,-0.003,0.99542,-0.01458
99.56,-0.00167,0.992,-0.01307
99.58,-0.00163,0.99761,-0.01295
99.6,-0.00052,0.99547,-0.01219
99.62,-0.00277,0.99461,-0.01313
99.64,-0.00358,0.99452,-0.01872
99.66,-0.00283,0.99547,-0.01726
99.68,-0.00376,0.99435,-0.0178
99.7,-0.00503,0.99439,-0.01704
99.72,-0.0066,0.99355,-0.01952
99.74,-0.00522,0.99265,-0.01913
99.76,-0.00602,0.99208,-0.01232
99.78,-0.00548,1.00125,-0.014
99.8,-0.00244,0.9928,-0.0123
99.82,-0.00322,0.99435,-0.01357
99.84,0.0003,0.99626,-0.01052
99.86,-0.00216,0.9987,-0.00618
99.88,-0.00267,1.00143,-0.00323
99.9,-0.00353,0.99808,-0.00331
99.92,-0.00208,1.0004,-0.00804
99.94,-0.00025,1.00043,-0.007
99.96,-0.00105,0.99946,-0.00641
99.98,0.00043,1.00186,-0.01497
100,0.00255,0.99319,-0.01689
100.02,0.00039,0.99471,-0.01864
100.04,0.00275,0.99383,-0.02216
100.06,-0.00025,0.99374,-0.02475
100.08,0.00058,0.98985,-0.02244
100.1,0.00124,0.98966,-0.022
100.12,0.00219,0.99164,-0.02184
100.14,0.00169,0.99268,-0.01477
100.16,0.00123,0.99433,-0.01309
100.18,0.00201,0.99437,-0.01237
100.2,0.00167,0.99421,-0.00607
100.22,-0.00132,0.99631,-0.00582
100.24,-0.00049,0.99639,-0.00397
100.26,-0.00188,0.99721,0.00162
100.28,-0.00058,1,0.00522
100.3,0.00048,1.00102,0.00561
100.32,-0.00143,0.99765,0.00429
100.34,-0.00095,0.99734,0.00751
100.36,-0.00093,0.99935,0.00672
100.38,-0.00012,0.99628,0.00977
100.4,0,1.00084,0.00805
100.42,0.00045,0.99933,0.00683
100.44,-0.00304,0.99678,0.0075
100.46,-0.00309,0.99818,0.00771
100.48,-0.00565,1.00156,0.00631
100.5,-0.00475,0.99668,0.0036
100.52,-0.00441,0.99492,0.00481
100.54,-0.00235,0.9959,0.00532
100.56,-0.00123,0.99627,0.00196
100.58,-0.00032,0.99364,0.00115
100.6,-0.00386,0.99397,0.00288
100.62,-0.00332,0.99331,0.0055
100.64,-0.00495,0.99184,0.00533
100.66,-0.00137,0.99394,0.00986
100.68,-0.00135,0.99598,0.01225
100.7,0.00226,0.99178,0.01331
100.72,0.00122,0.99173,0.01478
100.74,0.00109,0.99269,0.01735
100.76,0.00079,0.99535,0.01745
100.78,-0.0005,0.99568,0.01911
100.8,-0.00285,0.99423,0.02018
100.82,0.0008,0.99699,0.0196
100.84,0.00294,0.99602,0.01764
100.86,0.00201,0.99525,0.01697
100.88,0.00411,0.9947,0.01692
100.9,0.00263,0.99473,0.01548
100.92,0.0018,0.99504,0.01536
100.94,0.00128,0.99798,0.01781
100.96,0.00172,0.99915,0.01525
100.98,0.00163,0.99722,0.01452
101,0.00168,0.99528,0.01587
101.02,0.00315,0.99564,0.0167
101.04,-0.00156,0.99429,0.01567
101.06,-0.00062,0.99557,0.0161
101.08,-0.00236,0.99602,0.02035
101.1,-0.00105,0.99773,0.01885
101.12,0.00123,0.99556,0.01752
101.14,-0.00082,0.99614,0.01777
101.16,0.00083,0.99211,0.01793
101.18,-0.0029,0.9945,0.0149
101.2,-0.00319,0.99467,0.01715
101.22,-0.00345,0.99325,0.0139
101.24,-0.00316,0.99507,0.01001
101.26,-0.00193,0.99391,0.0076
101.28,-0.00313,0.99237,0.01266
101.3,-0.00157,0.99798,0.00852
101.32,-0.00316,0.99269,0.0086
101.34,-0.0049,0.99416,0.00703
101.36,-0.00172,0.99162,0.00828
101.38,-0.00741,0.99554,0.00793
101.4,-0.00289,0.9959,0.01072
101.42,-0.0064,0.99406,0.01122
101.44,-0.00445,0.99864,0.01194
101.46,-0.00502,0.99407,0.0145
101.48,-0.00078,0.99644,0.01428
101.5,-0.00302,0.99602,0.00946
101.52,-0.00045,0.991,0.0132
101.54,-0.00211,0.99625,0.01178
101.56,-0.00202,0.99467,0.016
101.58,-0.0038,0.99616,0.01461
101.6,0.00126,0.99677,0.01328
101.62,-0.00167,0.99429,0.0135
101.64,0.00177,0.99919,0.00815
101.66,0.00004,0.99435,0.00965
101.68,0.00248,0.99861,0.00622
101.7,-0.00315,0.99316,0.00565
101.72,0.00019,0.9967,0.00717
101.74,-0.0033,0.99659,0.00607
101.76,-0.00374,0.99624,0.00564
101.78,-0.00652,0.99514,0.00733
101.8,-0.00703,0.99808,0.00838
101.82,-0.00832,0.99968,0.01138
101.84,-0.00508,0.99821,0.01018
101.86,-0.00403,0.99536,0.01194
101.88,-0.00227,0.99361,0.01345
101.9,-0.00572,0.99422,0.01742
101.92,-0.00134,0.99863,0.02036
101.94,-0.00724,0.99413,0.01944
101.96,-0.00452,0.99555,0.02107
101.98,-0.00412,0.9943,0.02046
102,-0.00236,0.99722,0.01676
102.02,-0.00372,0.99666,0.01859
102.04,-0.00281,0.99096,0.02112
102.06,-0.00344,0.99846,0.01751
102.08,0.00176,0.99694,0.02037
102.1,-0.00292,0.99419,0.01689
102.12,0.00004,0.99738,0.01267
102.14,-0.00476,0.99538,0.01459
102.16,-0.00174,0.99869,0.01504
102.18,-0.0035,0.99819,0.01014
102.2,-0.00376,0.99651,0.01523
102.22,-0.00075,0.99562,0.01579
102.24,-0.00037,0.99358,0.01694
102.26,-0.00155,0.99491,0.00813
102.28,-0.00083,0.98919,0.01202
102.3,-0.00738,0.98912,0.01092
102.32,-0.00358,0.99654,0.01387
102.34,-0.00705,0.99293,0.0171
102.36,-0.00214,0.99508,0.01415
102.38,-0.00579,0.99188,0.01627
102.4,-0.00296,0.99338,0.01922
102.42,-0.00399,0.99367,0.01458
102.44,-0.00361,0.99407,0.01396
102.46,-0.00314,0.99809,0.0107
102.48,-0.00166,0.99695,0.01432
102.5,-0.0064,0.99527,0.00762
102.52,-0.00516,0.99933,0.00742
102.54,-0.00833,0.99831,0.0092
102.56,-0.00761,0.99914,0.00673
102.58,-0.00868,0.99878,0.00571
102.6,-0.00529,0.99717,0.00334
102.62,-0.00786,0.99604,0.00769
102.64,-0.00629,1.00126,0.01004
102.66,-0.01046,1.00056,0.00746
102.68,-0.00744,0.9974,0.00743
102.7,-0.00893,1.00139,0.00694
102.72,-0.00726,1.00119,0.01433
102.74,-0.00761,0.99846,0.01382
102.76,-0.00812,0.99678,0.01232
102.78,-0.00628,0.99729,0.01499
102.8,-0.0056,0.99825,0.01586
102.82,-0.00676,1.00151,0.01449
102.84,-0.00739,1.00013,0.01171
102.86,-0.00629,0.99824,0.00786
102.88,-0.00408,1.00018,0.00867
102.9,-0.00425,0.99832,0.00333
102.92,-0.00384,0.99569,0.00269
102.94,-0.0036,0.999,0.00264
102.96,-0.00696,0.99894,0.00044
102.98,-0.00129,1.00079,-0.00296
103,-0.00519,0.999,-0.0019
103.02,-0.00217,0.99716,-0.00012
103.04,-0.00558,0.99302,0.00029
103.06,-0.00416,0.99683,-0.00209
103.08,-0.0057,0.99778,0.00103
103.1,-0.00588,0.99407,0.00366
103.12,-0.0012,0.99334,0.01015
103.14,-0.00275,0.9942,0.01244
103.16,-0.00057,0.98966,0.01426
103.18,-0.00002,0.99386,0.01465
103.2,-0.00384,0.9926,0.01697
103.22,-0.00302,0.99554,0.01373
103.24,-0.00774,0.99262,0.01558
103.26,-0.00503,0.99749,0.00653
103.28,-0.00408,0.98869,0.00765
103.3,-0.00159,0.99228,0.00468
103.32,0.00192,0.99921,0.00828
103.34,0.00402,0.99999,0.00639
103.36,0.00552,0.98958,0.00173
103.38,0.00508,0.9948,-0.00111
103.4,0.00459,0.99729,0.00364
103.42,-0.00027,0.99568,0.00429
103.44,0.00242,0.99126,0.00312
103.46,0.00325,0.99094,0.001
103.48,0.00316,0.99626,0.00916
103.5,-0.00203,1.00876,0.01205
103.52,-0.00107,0.99687,0.01193
103.54,-0.00183,0.98466,0.00391
103.56,-0.0019,0.98737,0.00882
103.58,-0.00044,1.00207,0.01296
103.6,-0.00187,0.99495,0.01151
103.62,0.00013,0.9888,0.00927
103.64,0.00604,0.99006,0.00767
103.66,0.00771,0.99328,0.01158
103.68,0.00678,0.99747,0.00876
103.7,0.00749,0.99045,0.00728
103.72,0.01372,0.98786,0.00403
103.74,0.01078,0.99242,0.00868
103.76,0.01076,0.99984,0.00942
103.78,0.00316,0.99614,0.00375
103.8,0.00249,0.99109,0.00465
103.82,0.00273,0.9984,0.00732
103.84,0.00273,0.99716,0.00915
103.86,0.00135,0.99944,0.00962
103.88,0.00076,0.99643,0.00994
103.9,-0.00016,0.99665,0.00981
103.92,0.00448,0.99889,0.01362
103.94,0.00009,0.99317,0.01344
103.96,0.00309,0.99358,0.01272
103.98,-0.00041,0.99274,0.01834
104,-0.0012,0.99684,0.01985
104.02,-0.00146,0.99781,0.01669
104.04,-0.00274,0.99771,0.01709
104.06,-0.00364,0.99499,0.01469
104.08,-0.00171,0.99601,0.01264
104.1,-0.00385,0.99782,0.01245
104.12,0.0001,0.99882,0.01691
104.14,-0.00175,0.99909,0.01312
104.16,-0.00034,0.99583,0.01145
104.18,-0.00543,0.99429,0.00822
104.2,-0.00347,0.99888,0.00614
104.22,-0.00523,0.99843,0.009
104.24,-0.00614,0.99868,0.01289
104.26,-0.00485,0.99381,0.01008
104.28,-0.00191,0.99538,0.00837
104.3,-0.00313,0.99304,0.01287
104.32,-0.00259,0.99653,0.01267
104.34,-0.00311,0.99165,0.01051
104.36,-0.00358,0.98782,0.01234
104.38,-0.00748,0.99365,0.01346
104.4,-0.0048,1.00079,0.01611
104.42,-0.00852,0.99726,0.01779
104.44,-0.00281,0.99568,0.01039
104.46,0.00104,0.99679,0.00752
104.48,0.00014,0.99721,0.00906
104.5,-0.00116,0.99728,0.00859
104.52,-0.00167,0.99892,0.00502
104.54,-0.00284,0.99771,0.00753
104.56,-0.00468,0.99855,0.00761
104.58,-0.00775,0.99845,0.00127
104.6,-0.00258,0.99899,0.0022
104.62,-0.00514,0.99886,0.0043
104.64,-0.00342,0.99599,0.0005
104.66,-0.00856,0.99708,0.00527
104.68,-0.01281,0.99527,0.0085
104.7,-0.01039,0.99812,0.00841
104.72,-0.00946,1.00084,0.01157
104.74,-0.01043,0.99936,0.01181
104.76,-0.01294,0.99467,0.00892
104.78,-0.00926,0.99981,0.00687
104.8,-0.00937,1.00009,0.01504
104.82,-0.00624,0.99787,0.01231
104.84,-0.00207,0.99328,0.00848
104.86,-0.00152,0.99661,0.01149
104.88,0.00035,0.99413,0.01002
104.9,0.00187,0.99545,0.00757
104.92,0.00108,0.9975,0.00661
104.94,-0.00112,0.99758,0.00511
104.96,0.00197,0.99794,0.00394
104.98,0.00413,0.99646,0.00298
105,-0.00121,0.99514,0.00546
105.02,0.00063,0.99674,0.00137
105.04,-0.00531,0.99695,0.00672
105.06,-0.00749,0.99924,0.00749
105.08,-0.00541,0.99631,0.00603
105.1,-0.00544,0.99718,0.00863
105.12,-0.00552,0.99841,0.00679
105.14,-0.00562,0.99382,0.00748
105.16,-0.00296,0.99492,0.00727
105.18,-0.00482,0.99548,0.01027
105.2,-0.00214,0.99856,0.01113
105.22,-0.00001,0.99482,0.01201
105.24,-0.00066,0.99292,0.01172
105.26,0.00241,0.99449,0.00845
105.28,0.00087,0.99406,0.00705
105.3,-0.00147,0.99614,0.00548
105.32,-0.00089,0.99494,0.00443
105.34,-0.00169,0.99627,0.00514
105.36,0.0013,0.99664,0.00404
105.38,-0.00005,0.99593,0.00178
105.4,0.00258,0.98943,-0.00066
105.42,0.00061,0.98965,-0.0011
105.44,0.0018,0.99401,-0.0048
105.46,0.00187,0.99412,-0.00246
105.48,0.00123,0.99194,-0.00132
105.5,0.00267,0.99266,0.00096
105.52,0.00524,0.99459,0.00455
105.54,0.00332,0.9943,0.00586
105.56,0.00576,0.99038,0.00664
105.58,-0.00054,0.99322,0.00741
105.6,0.0003,0.99416,0.01253
105.62,-0.00342,1,0.01509
105.64,-0.00268,0.99661,0.01489
105.66,-0.00391,0.99377,0.01234
105.68,-0.0015,0.99581,0.01168
105.7,-0.00078,0.99898,0.0052
105.72,0.00085,0.99624,-0.00274
105.74,-0.00268,0.99206,-0.01226
105.76,-0.00448,0.99344,-0.02486
105.78,-0.00818,0.99311,-0.0358
105.8,-0.00836,0.99492,-0.04922
105.82,-0.00982,0.99371,-0.06444
105.84,-0.0077,0.99033,-0.07548
105.86,-0.00733,0.99292,-0.08729
105.88,-0.00707,0.99127,-0.09256
105.9,-0.01073,0.99421,-0.10302
105.92,-0.01239,0.9945,-0.10817
105.94,-0.01675,0.9953,-0.11489
105.96,-0.01617,0.99556,-0.11966
105.98,-0.01481,0.99752,-0.12062
106,-0.01343,1.00209,-0.12123
106.02,-0.00999,0.99909,-0.11791
106.04,-0.0097,0.99579,-0.11729
106.06,-0.00944,0.99671,-0.12024
106.08,-0.01114,0.99835,-0.11976
106.1,-0.01271,1.00301,-0.12371
106.12,-0.01141,0.99994,-0.12308
106.14,-0.01272,0.99692,-0.12703
106.16,-0.00979,0.99675,-0.12948
106.18,-0.00958,0.99724,-0.1293
106.2,-0.01006,0.99865,-0.13106
106.22,-0.00992,0.99541,-0.1343
106.24,-0.01258,0.9911,-0.14073
106.26,-0.01269,0.99338,-0.14373
106.28,-0.01502,0.99774,-0.14472
106.3,-0.01544,0.9979,-0.14773
106.32,-0.01522,0.99525,-0.15065
106.34,-0.01579,0.99414,-0.15429
106.36,-0.01501,0.99531,-0.15398
106.38,-0.01635,0.99523,-0.14967
106.4,-0.01669,0.99907,-0.15112
106.42,-0.01563,0.99482,-0.15031
106.44,-0.01562,0.99426,-0.14744
106.46,-0.01331,0.99871,-0.14344
106.48,-0.01403,0.99901,-0.13998
106.5,-0.01393,0.99724,-0.13807
106.52,-0.01429,0.99631,-0.13505
106.54,-0.01441,0.99816,-0.13192
106.56,-0.01318,0.99974,-0.13072
106.58,-0.01242,0.99824,-0.13123
106.6,-0.01107,0.99909,-0.1345
106.62,-0.00971,0.99643,-0.13429
106.64,-0.01068,0.99697,-0.13474
106.66,-0.01078,0.99797,-0.13553
106.68,-0.01231,0.9974,-0.13513
106.7,-0.01284,0.99787,-0.13633
106.72,-0.0124,0.99783,-0.13754
106.74,-0.01157,0.99752,-0.13742
106.76,-0.01135,0.99691,-0.13646
106.78,-0.01132,0.99678,-0.13382
106.8,-0.01159,0.99726,-0.12767
106.82,-0.01128,0.99538,-0.11851
106.84,-0.01139,0.99535,-0.10834
106.86,-0.01061,0.9961,-0.09742
106.88,-0.00966,0.99595,-0.08561
106.9,-0.00849,0.99508,-0.07236
106.92,-0.00673,0.99623,-0.05996
106.94,-0.00547,0.99606,-0.04556
106.96,-0.00404,0.9956,-0.03277
106.98,-0.00231,0.99445,-0.019
107,-0.00181,0.99351,-0.00607
107.02,-0.00082,0.99417,0.00481
107.04,-0.00096,0.99507,0.01291
107.06,-0.0011,0.99499,0.01821
107.08,-0.00039,0.99576,0.02127
107.1,0.00066,0.99607,0.02333
107.12,0.00129,0.99628,0.02334
107.14,0.00179,0.99517,0.02311
107.16,0.00146,0.99487,0.02073
107.18,0.00046,0.99525,0.01683
107.2,-0.00162,0.99667,0.00828
107.22,-0.00287,0.99741,-0.0045
107.24,-0.00306,0.99752,-0.01914
107.26,-0.00434,0.99766,-0.03522
107.28,-0.00486,0.99929,-0.05375
107.3,-0.006,0.99832,-0.07155
107.32,-0.00887,0.99815,-0.08887
107.34,-0.01091,0.99833,-0.10447
107.36,-0.01266,0.99813,-0.11725
107.38,-0.01335,0.99802,-0.12748
107.4,-0.01419,0.99873,-0.1355
107.42,-0.01292,0.99563,-0.1388
107.44,-0.0112,0.99231,-0.1374
107.46,-0.01195,0.99203,-0.13276
107.48,-0.01158,0.99347,-0.1264
107.5,-0.01285,0.99383,-0.11708
107.52,-0.01254,0.99597,-0.1066
107.54,-0.01207,0.99706,-0.09653
107.56,-0.01119,0.99721,-0.08673
107.58,-0.00929,0.99635,-0.0766
107.6,-0.00762,0.99542,-0.06623
107.62,-0.00667,0.99409,-0.05587
107.64,-0.00633,0.99521,-0.04696
107.66,-0.00736,0.99936,-0.0397
107.68,-0.00711,0.99956,-0.03369
107.7,-0.00624,0.9983,-0.02794
107.72,-0.00369,0.99683,-0.02218
107.74,-0.00379,0.99484,-0.01824
107.76,-0.00269,0.99398,-0.01379
107.78,-0.00279,0.99309,-0.00978
107.8,-0.00418,0.99369,-0.00818
107.82,-0.00516,0.99494,-0.00882
107.84,-0.00498,0.99534,-0.00938
107.86,-0.0049,0.99666,-0.0098
107.88,-0.005,0.99561,-0.00942
107.9,-0.00452,0.99567,-0.00904
107.92,-0.0047,0.99537,-0.00849
107.94,-0.00516,0.99548,-0.00813
107.96,-0.00503,0.99581,-0.00702
107.98,-0.00466,0.99535,-0.00642
108,-0.00417,0.99591,-0.00582
108.02,-0.00305,0.99652,-0.00425
108.04,-0.00212,0.99595,-0.00174
108.06,-0.00163,0.99572,0.00138
108.08,-0.00137,0.99516,0.00486
108.1,-0.00178,0.99449,0.0085
108.12,-0.00146,0.99438,0.01195
108.14,-0.00257,0.99465,0.01458
108.16,-0.00156,0.9951,0.01633
108.18,-0.00144,0.99458,0.01726
108.2,-0.00113,0.99454,0.0176
108.22,-0.00065,0.99485,0.01692
108.24,-0.00119,0.99474,0.01551
108.26,-0.00179,0.99526,0.01327
108.28,-0.00219,0.99541,0.01018
108.3,-0.00274,0.99611,0.00717
108.32,-0.00165,0.99641,0.00401
108.34,-0.0023,0.99663,0.0016
108.36,-0.00141,0.99689,0.00036
108.38,-0.00234,0.99618,0.00015
108.4,-0.00226,0.99626,0.00156
108.42,-0.0028,0.99609,0.00333
108.44,-0.00329,0.99615,0.00621
108.46,-0.00281,0.99582,0.0085
108.48,-0.00294,0.99526,0.01069
108.5,-0.00249,0.99589,0.01193
108.52,-0.00279,0.99568,0.01254
108.54,-0.00328,0.99602,0.01259
108.56,-0.00346,0.99564,0.01175
108.58,-0.00322,0.99534,0.01071
108.6,-0.00345,0.99577,0.00987
108.62,-0.00307,0.99615,0.00832
108.64,-0.00278,0.9962,0.00641
108.66,-0.00229,0.99578,0.00506
108.68,-0.00274,0.99552,0.00462
108.7,-0.00204,0.99588,0.00427
108.72,-0.00241,0.99521,0.00492
108.74,-0.00197,0.995,0.00606
108.76,-0.00198,0.99502,0.00699
108.78,-0.00142,0.99512,0.00832
108.8,-0.00128,0.99512,0.009
108.82,-0.00142,0.99518,0.00878
108.84,-0.00112,0.99556,0.00805
108.86,-0.00228,0.9951,0.00842
108.88,-0.00179,0.99558,0.00772
108.9,-0.00235,0.99568,0.00721
108.92,-0.0018,0.99605,0.0071
108.94,-0.00173,0.99623,0.00625
108.96,-0.00157,0.99632,0.00544
108.98,-0.00114,0.99604,0.00528
109,-0.00143,0.99559,0.00546
109.02,-0.00163,0.99545,0.00515
109.04,-0.001,0.9951,0.00579
109.06,-0.00149,0.99442,0.00707
109.08,0.00016,0.99544,0.00731
109.1,-0.00091,0.99492,0.00723
109.12,0.00042,0.99526,0.00654
109.14,-0.00097,0.99497,0.00618
109.16,-0.00105,0.99513,0.00606
109.18,-0.00149,0.99492,0.00599
109.2,-0.0016,0.99498,0.00652
109.22,-0.00147,0.99595,0.0069
109.24,-0.00093,0.99618,0.00783
109.26,-0.00137,0.99597,0.00776
109.28,-0.00138,0.9958,0.00787
109.3,-0.00167,0.99562,0.00802
109.32,-0.00184,0.99571,0.00881
109.34,-0.00217,0.99587,0.00947
109.36,-0.00169,0.99611,0.00974
109.38,-0.00153,0.99622,0.00985
109.4,-0.00188,0.99637,0.00967
109.42,-0.00155,0.99639,0.00898
109.44,-0.00151,0.99547,0.00816
109.46,-0.00232,0.99533,0.0081
109.48,-0.00216,0.99576,0.00855
109.5,-0.00231,0.99613,0.00867
109.52,-0.00258,0.99621,0.0086
109.54,-0.00227,0.99655,0.00835
109.56,-0.00163,0.99624,0.00852
109.58,-0.0028,0.99555,0.00854
109.6,-0.00212,0.99606,0.00871
109.62,-0.00289,0.99635,0.00917
109.64,-0.0024,0.99682,0.00978
109.66,-0.00285,0.99684,0.01015
109.68,-0.00179,0.99684,0.01047
109.7,-0.00162,0.99687,0.01025
109.72,-0.00135,0.99704,0.01021
109.74,-0.00146,0.99679,0.01063
109.76,-0.00121,0.99643,0.01067
109.78,-0.00284,0.99689,0.01088
